gene_name	id	baseMean	baseMeanA	baseMeanB	foldChange	log2FoldChange	pval	padj
CFH	ENSG00000000971	29.0480626551928	7.38692485865959	57.9295797172371	7.84217801394406	2.97125439076032	6.59379548588945e-07	9.24562097233726e-05
CFH	ENSG00000000971	29.0480626551928	7.38692485865959	57.9295797172371	7.84217801394406	2.97125439076032	6.59379548588945e-07	9.24562097233726e-05
CFH	ENSG00000000971	29.0480626551928	7.38692485865959	57.9295797172371	7.84217801394406	2.97125439076032	6.59379548588945e-07	9.24562097233726e-05
PLXND1	ENSG00000004399	256.21110366855	122.259942574167	434.812651794394	3.5564604615336	1.83044212466396	1.78073244071572e-06	0.000203592509741214
CYTH3	ENSG00000008256	377.635446274165	172.335440695694	651.368787045459	3.77965660699839	1.91825516728111	3.98495335848342e-07	6.36864105023e-05
PLAUR	ENSG00000011422	265.134541581877	112.991320549838	467.992169624596	4.14184175693543	2.05027243505393	0.000114904448645713	0.0062536102474719
CD74	ENSG00000019582	2693.14259362979	1661.83162763521	4068.22388162255	2.44803613914344	1.29162485597917	3.96053382124365e-05	0.002593190052209
GRAMD1B	ENSG00000023171	254.421333436968	37.5382115408079	543.598829298516	14.4812127958618	3.85611052750913	0.000169207595624759	0.00873240449225972
PLEKHO1	ENSG00000023902	329.170216237049	198.219838450972	503.770719951818	2.54147477814852	1.34566591340662	0.000160041151665243	0.00831710362657519
AGPAT4	ENSG00000026652	563.510265047934	235.135441780871	1001.34336273735	4.25858116136541	2.09037284537665	5.48583638366378e-05	0.00339733275709978
TNFRSF1B	ENSG00000028137	10224.8444894536	5186.97093852208	16942.0092240289	3.26626260775932	1.70764078835257	0.00135568211021492	0.0454842058783847
ARNTL2	ENSG00000029153	19.305163280126	4.79348870566701	38.6540627127379	8.0638685279554	3.01147211755646	8.22151307833673e-05	0.00471098557276777
ANK1	ENSG00000029534	383.548793485935	61.0864005790838	813.49865069507	13.3171809598095	3.73521681350266	9.67031547662575e-08	1.84269101191139e-05
BAK1	ENSG00000030110	127.813701518535	60.6318124887069	217.389553558305	3.58540417373792	1.84213575953539	0.00136720020391194	0.045767334753926
ARHGAP31	ENSG00000031081	288.758226813815	172.48143738123	443.793946057262	2.57299540631934	1.36344888136778	0.000316277145449079	0.0140424415804739
TNC	ENSG00000041982	19.4602988230596	8.29660985527127	34.3452174467775	4.13966885823324	2.04951536779903	1.36325602103281e-05	0.00108353338185084
CTNNA1	ENSG00000044115	359.386264476453	161.194825591224	623.641516323425	3.86886808578413	1.95191153900871	2.95529808620123e-07	4.88051060613432e-05
CELF2	ENSG00000048740	2891.11234998636	1682.28066530093	4502.88792956693	2.67665676866199	1.42043215209167	8.07757783808211e-05	0.00465850123339749
LTBP1	ENSG00000049323	6.34619593676387	1.50939467675639	12.7952642834405	8.47708321784789	3.08356794981099	0.00122783146820253	0.0418560988804912
NEDD4L	ENSG00000049759	204.336140282519	91.0738419153916	355.352538105356	3.90180682654721	1.96414235373344	0.0011399423539055	0.0395863626310687
CYBA	ENSG00000051523	979.95806906598	519.883482150213	1593.39085162034	3.06489993686691	1.61583997344545	6.67673498152095e-07	9.27442168507906e-05
PLEKHA5	ENSG00000052126	19.6565621647006	5.44564080919126	38.6044573053798	7.08905685447016	2.8255937005412	2.76393210540407e-07	4.6157666160248e-05
MCF2L2	ENSG00000053524	92.2837146251161	25.9943494142031	180.669534906333	6.95033878430584	2.7970833016528	8.07171874523941e-05	0.00465850123339749
KIF1B	ENSG00000054523	453.63461048488	227.920486581717	754.586775689097	3.3107457210458	1.72715621004825	1.28793381523052e-05	0.00102916990837479
TMCC3	ENSG00000057704	14.6261658915867	5.93514804131943	26.2141896919431	4.41677099028443	2.14299203053378	0.00117976248117143	0.0407786273433743
ATP2B4	ENSG00000058668	290.800892913316	192.637771118616	421.68505530625	2.18900505782222	1.13027528795267	0.00113227833437534	0.0394123018356457
TBXAS1	ENSG00000059377	33.1465434285259	14.132224013464	58.4989693152749	4.1394029177249	2.04942268324137	0.000195726970707709	0.00964520993996273
GNA15	ENSG00000060558	1886.9073774324	396.761726726327	3873.76824504049	9.76346251187803	3.28739287553776	1.96690371179994e-06	0.000221470377791534
BCAT1	ENSG00000060982	146.006103596935	45.6444508945128	279.821640533497	6.13046350760541	2.6159961562723	9.85327850774086e-06	0.000838342473268026
LTK	ENSG00000062524	47.4129862320772	4.27363489283605	104.932121351065	24.5533659243948	4.61784890637528	0.000370511665468387	0.016074737852456
GPC1	ENSG00000063660	93.9904369010126	38.2014738774282	168.375720932459	4.40757132755407	2.13998391681168	1.79387671853237e-05	0.00138866612851805
HIPK2	ENSG00000064393	808.583310811243	545.516624876678	1159.33889205733	2.12521276014166	1.08760728013792	0.000713130561557091	0.0271775885549309
TRAM2	ENSG00000065308	97.0030531766546	52.6747986135477	156.10739259413	2.96360682343416	1.56735406049563	4.16321210702517e-05	0.00271393954152259
KIF26A	ENSG00000066735	17.3355814739905	1.60062720297128	38.3155205020162	23.9378166451815	4.58121966576461	4.51078767896306e-05	0.00288982057208741
CYFIP1	ENSG00000068793	43.3586867169643	23.7072673778962	69.5605791690551	2.93414580686388	1.55294056481252	0.000178099792000819	0.0090037320017285
ARHGAP10	ENSG00000071205	85.4014610339929	46.0896331836411	137.817231501129	2.9902002246797	1.58024209093879	0.000111675422829187	0.00619340227429182
TRIP13	ENSG00000071539	95.1386009246838	44.3987062845794	162.791793778156	3.66658867793851	1.8744384319667	1.00824863101707e-05	0.000851454511523109
TRIB2	ENSG00000071575	1290.9322098593	653.599229895022	2140.70951647833	3.27526321721976	1.71161085380068	0.001031904382218	0.0365171305545383
PTPN18	ENSG00000072135	289.639412170337	184.673407742626	429.594084740617	2.32623684152365	1.21799798963004	0.00025674114239054	0.0118876747643321
CRMP1	ENSG00000072832	10.9673362537113	0.666300636294851	24.7020504102666	37.0734306177902	5.21231371709247	6.35849576279861e-07	9.0871463963919e-05
EVC	ENSG00000072840	75.4811912400101	7.51066804988669	166.108555493508	22.1163489572694	4.46704133507151	7.48120671357696e-08	1.48257567178526e-05
TP63	ENSG00000073282	4.65850886437794	0.533040509035881	10.1591333381673	19.0588391800509	4.25238834633964	0.00122340072485194	0.0418009309735045
NSF	ENSG00000073969	32.4388619227693	16.4033675106951	53.8195211388683	3.28100440984314	1.71413753291593	0.000686198538797368	0.0266838062054706
NTN4	ENSG00000074527	5.57534525386226	1.06608101807176	11.5876975682496	10.869434284843	3.4422049500925	5.27778052183446e-05	0.00329595176033721
SCARF1	ENSG00000074660	35.4952019117083	22.6971832582354	52.5592267830056	2.31567178116409	1.21143078301489	0.00140284938094817	0.0467501128902077
PAX2	ENSG00000075891	11.1581973956824	1.62362093195162	23.8709660139902	14.7023024551038	3.87797020099974	1.02297812210356e-06	0.000129953195118164
MCAM	ENSG00000076706	81.8531520667156	23.544288422625	159.59830359217	6.77864205226111	2.76099629095944	5.90066762835406e-07	8.59819832943396e-05
PAK3	ENSG00000077264	46.9424350310855	17.0474041244655	86.8024762399122	5.09182955986468	2.34818412834112	0.000216878883383686	0.0104999050284421
CST7	ENSG00000077984	340.680001870068	156.92491578259	585.686783320039	3.73227400122664	1.90005490411578	1.55336087898017e-06	0.000181299553780452
TP53INP2	ENSG00000078804	148.094189718144	97.718269206108	215.262083734192	2.20288473673392	1.13939400974931	0.0011596507400046	0.0401768973162898
RDH8	ENSG00000080511	14.8415005597858	0.621437211119223	33.8015850246745	54.3925989945098	5.76533845738683	2.20530496166058e-06	0.000241676586564122
COL5A3	ENSG00000080573	1627.86477322424	62.0879835088949	3715.56715951137	59.8435792165656	5.90312455961102	1.43519877320588e-20	2.66641992076988e-17
CLDND1	ENSG00000080822	3162.1737347636	1785.81474643063	4997.31905254089	2.79834124033817	1.48457190093211	6.22942471241951e-05	0.00376128403585483
IL12RB2	ENSG00000081985	651.160184485993	229.914985178648	1212.82045022912	5.27508221913738	2.39919358030652	1.37822912889957e-06	0.00016611466668231
TRAF5	ENSG00000082512	796.268012704402	410.792277700159	1310.23565937673	3.18953332499857	1.67334535221509	8.22446302708581e-07	0.000109183259423443
WDFY1	ENSG00000085449	448.411088368524	163.144617949213	828.766382260938	5.07994926635542	2.3448140888197	3.20778917948721e-07	5.23927149172729e-05
MAP3K4	ENSG00000085511	884.911464484327	290.878787590862	1676.95503367561	5.76513346870226	2.52735400812092	1.00260585032341e-10	4.13936965371022e-08
EPS15	ENSG00000085832	664.08758772684	372.083558473727	1053.42629339766	2.83115517847328	1.50139082698239	5.83506566595495e-06	0.000545450194925084
ACOX3	ENSG00000087008	241.574901866821	100.397992371436	429.810781194001	4.28106948198582	2.09797125074224	6.83084771128036e-08	1.37649494985196e-05
SH3BP2	ENSG00000087266	1212.70806001944	502.559130551771	2159.57329930966	4.29715264935812	2.10338102741679	8.24097590607293e-05	0.00471098557276777
ANKRD10	ENSG00000088448	645.861255656508	353.23202521643	1036.03356290994	2.93301141728345	1.55238268706014	0.000234669587765393	0.0111434315749426
SMOX	ENSG00000088826	339.950958578182	30.0370307723862	753.169528985909	25.0746997828533	4.64816052256902	3.05915921144564e-06	0.000317190316864825
TESC	ENSG00000088992	31.289023760451	16.1354099543775	51.4938421685489	3.19135629736997	1.67416968657193	0.00026568554970633	0.0122554956692694
RGS1	ENSG00000090104	1227.40081053779	463.984249828139	2245.28955815066	4.83915037844995	2.27475377221183	7.88644161767041e-06	0.000693586874339854
ICAM1	ENSG00000090339	393.526285526208	152.849379275142	714.428827194296	4.67407084400559	2.22467960094166	0.000477829429729578	0.0195235049059687
MLTK	ENSG00000091436	16.6434780146377	4.7678213487745	32.4776869024552	6.81185063924494	2.76804680195964	5.98979061923417e-06	0.000556414112335484
JAK2	ENSG00000096968	1014.07477898203	548.642909057561	1634.65060554799	2.97944360268126	1.5750429392112	1.93558150388405e-05	0.00146778305572595
ABLIM1	ENSG00000099204	2691.19666791708	3538.68497653062	1561.21225643237	0.441184300605081	-1.18054664086237	0.000620229062228746	0.0245889595988963
NRP1	ENSG00000099250	11.4524687388896	5.09195946270866	19.9331477737975	3.91463206252511	1.96887671453659	0.000708019653257933	0.0270521750806495
APOBEC3H	ENSG00000100298	5.81379752378613	1.76923381937401	11.206549129669	6.33412554460105	2.66314546237374	0.000631902468322905	0.0249341284622113
TSPO	ENSG00000100300	106.820808565618	67.0759604910671	159.813939331685	2.38258145185962	1.25252553551415	0.000674782142258236	0.0263928604746952
NCF4	ENSG00000100365	13.7845208702167	5.76509969931515	24.4770824314187	4.24573445526473	2.08601414230953	0.000936570881257081	0.0339518366051805
DDHD1	ENSG00000100523	1564.64913351666	561.906979645869	2901.63867201105	5.16391284877748	2.36846465252397	5.41293415789956e-10	1.88211968647751e-07
KIAA0247	ENSG00000100647	3639.32326335682	2098.79315178715	5693.36341211638	2.71268438591406	1.43972120340152	0.000297592452375732	0.0134851116453064
NFATC2	ENSG00000101096	1435.65857040836	681.676222960075	2440.96836700607	3.58083249024961	1.84029503160493	3.9688741226535e-07	6.36864105023e-05
SLCO4A1	ENSG00000101187	1343.67992543082	760.348208951105	2121.45554740377	2.79011053413317	1.48032227756951	3.14561387912985e-05	0.00215810252639885
PPP1R16B	ENSG00000101445	4598.8668626099	2504.85391577165	7390.8841250609	2.95062481629155	1.56102048800583	3.64129180144638e-06	0.000368166803026514
MIB1	ENSG00000101752	340.022322296253	214.034002885285	508.006748177544	2.37348618130465	1.24700765026396	0.00038303514151979	0.016406487920486
ELF4	ENSG00000102034	770.35320869251	534.383644855645	1084.97929380833	2.03033776249163	1.02171975092637	0.00142139263439743	0.0472621000560381
TIMP1	ENSG00000102265	2587.51874975429	364.037173158024	5552.16085188263	15.2516315949759	3.93089168300998	6.1272498653855e-05	0.00371711488772346
STK24	ENSG00000102572	2685.31548611191	1350.29390776934	4465.34425723534	3.30694246011374	1.72549794325181	4.82105888921239e-07	7.46410398649623e-05
PIEZO1	ENSG00000103335	1188.59036339246	742.133308137709	1783.86643706547	2.40370081426727	1.26525733671704	0.00014813257999113	0.00780742743407151
CPPED1	ENSG00000103381	13.2012592702702	5.48165903815715	23.4940595797542	4.28593960627886	2.09961152095803	0.000806548015131181	0.0296725820517197
CTSH	ENSG00000103811	120.018612590799	40.6055942542552	225.902637039525	5.5633377909708	2.47595070482997	3.06689928252311e-09	8.93790667375314e-07
EHD4	ENSG00000103966	2075.31030455459	1450.71549117743	2908.10338905746	2.00459939026168	1.00331394968268	0.000796357598264198	0.0295165930929046
CA2	ENSG00000104267	61.2376359814006	38.6275554202847	91.3844100628886	2.36578289950234	1.24231768814007	0.000239083653044966	0.0112452542253397
NDRG1	ENSG00000104419	2321.88366100491	1070.39358242397	3990.53709911284	3.72810260135905	1.8984415650445	1.91244662696295e-05	0.00145767662648976
IL7	ENSG00000104432	298.214242821899	43.9714096475484	637.204687054367	14.4913408999589	3.85711919014226	0.000252906091068039	0.0117466975985758
KCNN4	ENSG00000104783	992.549859893044	480.85891366746	1674.80445486049	3.48294355632702	1.80030709317531	0.000993673360459469	0.0355023248954546
IL4I1	ENSG00000104951	213.616017830147	31.85210041039	455.967907723157	14.3151598120174	3.83947187131739	2.99211637449868e-09	8.89436513483478e-07
DENND3	ENSG00000105339	89.3527633114683	37.8150312646515	158.069739373891	4.18007691882171	2.06352949000511	1.22344895627292e-05	0.000993667859949966
NAMPT	ENSG00000105835	23395.9500991205	14195.082011389	35663.7742160959	2.51240353437071	1.32906820399038	0.000325278224312049	0.0143887209760416
LFNG	ENSG00000106003	1088.72155988633	687.499444457507	1623.68438045811	2.36172464363127	1.2398407689582	0.000218671426516164	0.0105455036360303
STX1A	ENSG00000106089	415.647902075409	284.842770440485	590.054744255307	2.07151034004774	1.05068302161973	0.000536419120249431	0.0214900199036854
TNFSF8	ENSG00000106952	9016.62766608531	3568.16203059586	16281.2485134046	4.56292297653471	2.18995830087774	4.22270961189538e-09	1.18419118795474e-06
RAPGEF1	ENSG00000107263	2103.87759768722	1216.61225170972	3286.89805899057	2.70168088014193	1.43385727502401	3.38693374150332e-05	0.0022778278823513
NPDC1	ENSG00000107281	144.911336241568	28.640474032319	299.939152520567	10.4725624367147	3.38854258036849	2.7699127826927e-06	0.000291980238930224
ABCA2	ENSG00000107331	184.076618467035	111.551652455265	280.776573149394	2.51700953746061	1.33171068317392	2.4237252656302e-05	0.00176587395211087
ARHGAP21	ENSG00000107863	746.007007732746	417.504208031196	1184.01074066814	2.83592528624208	1.50381952461273	7.55486020561758e-05	0.00443825641249384
MAP3K8	ENSG00000107968	1405.24027231385	652.563380191689	2408.80946181007	3.69130345791467	1.8841303447991	2.35652640172009e-07	3.98011953508701e-05
ZMIZ1	ENSG00000108175	466.049393640263	277.884302277499	716.93618212395	2.57998086343146	1.36736036474352	2.5627516309307e-05	0.00184010519277889
RECQL5	ENSG00000108469	174.573007943095	239.837500519293	87.553684508163	0.365054190102018	-1.45381745558375	0.000998680169786947	0.035595643557658
HLF	ENSG00000108924	132.785557855483	22.2155393547527	280.21224918979	12.6133444124481	3.65687895005627	0.00153913067282469	0.0499478148257498
USP46	ENSG00000109189	31.7336367080651	14.4528202677493	54.7747252951529	3.78989873812931	1.92215930170762	5.21188024287322e-05	0.00328238034109427
IL2	ENSG00000109471	21783.744200354	9395.87982096109	38300.8967062111	4.07635021265027	2.02727800350307	8.25395126325136e-06	0.000721638103680618
CTSC	ENSG00000109861	261.004627259806	119.40342149928	449.806234940507	3.76711344861436	1.9134594814639	5.77888607162095e-06	0.000543617618243685
ZBTB16	ENSG00000109906	83.0760148639047	29.0110899685481	155.162581391047	5.34838854931902	2.41910427803663	3.74886004271154e-08	8.194015708062e-06
POU2AF1	ENSG00000110777	637.219660426158	227.035301183876	1184.13213941587	5.21563005066264	2.38284154153933	1.06887249483043e-05	0.000897550954274844
VDR	ENSG00000111424	803.72122229713	127.064982329407	1705.92954225409	13.4256465548596	3.74691966235531	1.89408465370722e-06	0.000214899085557637
IL26	ENSG00000111536	157.936645753237	8.11842235257458	357.694276954119	44.0595797335777	5.4613838287102	3.23779512366297e-21	6.87476413185754e-18
IFNG	ENSG00000111537	11955.6449405733	3149.63086406285	23696.9970425873	7.523737880832	2.91144958774853	0.000783692138973476	0.0291930232119368
KLRB1	ENSG00000111796	525.750175804557	144.5897341602	1033.96409799703	7.15102011911466	2.83814906228399	8.3744140309981e-07	0.000109183259423443
DSE	ENSG00000111817	172.979174804123	29.1311636169286	364.776523053716	12.5218658564582	3.64637764607922	4.17451185219079e-07	6.60061379352252e-05
NEDD9	ENSG00000111859	1898.99278370617	1085.71100509558	2983.3684885203	2.74784770027975	1.45830204486195	7.9942340471774e-05	0.00465850123339749
IL17A	ENSG00000112115	25039.6729039732	439.570303606684	57839.8097044618	131.582614270994	7.03982507123403	2.9958542697097e-32	4.45273820106952e-28
IL17F	ENSG00000112116	7009.40589403888	118.204464540467	16197.6744667034	137.030987193873	7.09835836044893	3.62884589832352e-09	1.03722185743812e-06
TFEB	ENSG00000112561	78.6178663423514	46.7505862789171	121.107573093597	2.59050383606018	1.37323271995584	9.94752455900603e-05	0.00557924745360402
CLIC5	ENSG00000112782	51.7566360855317	9.09679173976148	108.636428546559	11.9422793941424	3.57800632150468	2.21163615079284e-08	5.30186259826354e-06
RASGRF2	ENSG00000113319	160.352008476621	220.547890046017	80.0908330507612	0.363144861798726	-1.46138292763382	0.00106483029768352	0.0375037268115407
ST8SIA4	ENSG00000113532	799.911434196196	287.604877988281	1482.98684247341	5.15633410965248	2.36634574754789	4.90352159086999e-10	1.77758637573416e-07
KAT2B	ENSG00000114166	784.152272056412	177.215834909604	1593.40085491882	8.99130066865416	3.16852982903083	1.59872493109436e-12	1.18809243254278e-09
IQCG	ENSG00000114473	1361.21405289611	92.7732926492334	3052.46839989195	32.9024475980714	5.04012300426601	8.55821954185388e-08	1.65195866299447e-05
CCL20	ENSG00000115009	8942.11915958912	1102.68973941045	19394.6917198273	17.5885301428456	4.13656301804792	1.31716229907693e-24	4.89424581279512e-21
GNLY	ENSG00000115523	84.0663012430459	25.6940636374176	161.895951383884	6.30090878844553	2.65555992544237	4.53142893067809e-05	0.00289058490114457
IL1R2	ENSG00000115590	260.16055964412	13.7428211665132	588.717544280929	42.8381870903947	5.42082552149655	2.0541201596882e-05	0.00154976588494649
IL1R1	ENSG00000115594	4848.59674932929	604.470546562263	10507.431686352	17.3828679430449	4.11959422225646	1.50768772186964e-12	1.17940855842886e-09
IL1RL2	ENSG00000115598	120.598856148081	65.0593384673281	194.651546389084	2.99190786403147	1.58106574803586	0.000798336165198657	0.0295165930929046
ID2	ENSG00000115738	1933.43750028355	684.778217460253	3598.31654404795	5.25471817341622	2.39361339012124	1.53995818407985e-11	8.17442803213527e-09
EPAS1	ENSG00000116016	226.495837949575	115.021401330006	375.128420108999	3.26137932394618	1.70548224757217	0.000902126769134922	0.0328635053177754
PLEKHA3	ENSG00000116095	258.895543217645	164.866895386034	384.267073659793	2.33077157642859	1.22080762235547	0.000512774040432564	0.020654093666529
RGS2	ENSG00000116741	558.644729025716	289.149942702597	917.971110789875	3.1747234746439	1.66663093546472	0.000433747950710273	0.0180078094732033
CD58	ENSG00000116815	151.718683337956	46.871008923995	291.515582556571	6.21952864358619	2.63680524766643	2.39990196420215e-09	7.31576029384391e-07
B4GALT2	ENSG00000117411	273.120168355513	140.222150039968	450.317526109573	3.21145786155195	1.68322836655858	0.000150175960003266	0.00788715651423516
F3	ENSG00000117525	31.6872562027019	11.3356553595901	58.8227239935176	5.18917716951873	2.37550579338729	0.00024947533628923	0.0116236737406483
RPS6KA1	ENSG00000117676	137.494291588024	77.2365769022621	217.837911169039	2.82039831263754	1.49589892258427	6.43157410738241e-06	0.000586456969067637
ELOVL4	ENSG00000118402	39.4041030764466	20.5364883865009	64.5609226630409	3.14371773050929	1.65247168608376	0.000743460056780157	0.0281298953664244
PLAGL1	ENSG00000118495	90.3304589983011	43.1928319588712	153.180628384208	3.546436328372	1.82637004612182	4.20366616610873e-05	0.00272834455139188
ABCG2	ENSG00000118777	18.7275881288167	3.14710019121651	39.5015720456169	12.5517364066975	3.64981505524232	4.21443698454315e-08	9.07814157989345e-06
TJP2	ENSG00000119139	27.2084269598044	10.5230358003555	49.455615172403	4.69974787795857	2.23258336424237	9.40805573901089e-05	0.0052966641079136
NEK6	ENSG00000119408	26.3288590371946	12.3645159009522	44.947983218851	3.63524003518725	1.8620506285578	6.92836364913741e-06	0.000624098599497753
GPR68	ENSG00000119714	887.367524098232	188.363697927923	1819.37262565864	9.65882835000838	3.27184819567077	8.06367840555454e-08	1.57697963344417e-05
OGFRL1	ENSG00000119900	52.3867537825597	29.7048463187266	82.6292970676707	2.7816773122162	1.47595507010775	0.000507854173256669	0.0206235972052292
DUSP4	ENSG00000120875	6094.28702375255	1403.40610155943	12348.79492001	8.79916006228584	3.13736581558983	6.36815103254652e-12	3.78599315186956e-09
TNFRSF8	ENSG00000120949	169.725150067702	26.5553432813367	360.618225782855	13.5798743764047	3.76339822856601	0.00014295607733616	0.00758841491945483
RDH10	ENSG00000121039	185.134828399583	75.1740899757153	331.749146298073	4.41307831468586	2.14178534967202	9.87081563761721e-06	0.000838342473268026
NCAPH	ENSG00000121152	79.6043331170277	7.99317348548385	175.085879292419	21.9044262720417	4.45315052249869	0.000154390445540565	0.00807994785939938
TSHZ3	ENSG00000121297	155.688629036613	79.0302165216511	257.899845723229	3.26330683470384	1.70633464421612	3.32087943541824e-05	0.00224355595675552
ZSCAN18	ENSG00000121413	73.6294375052161	114.871760923744	18.6396729471792	0.162265057985425	-2.62357573023531	0.00050989932821606	0.0206502281070172
CD80	ENSG00000121594	23.8605276470358	4.64664391593399	49.4790392885048	10.6483389266895	3.41255649161723	1.00688618442732e-09	3.25333681720504e-07
GTDC1	ENSG00000121964	268.074662597392	113.272995160824	474.47688584615	4.18879085145133	2.06653385147424	6.52502107735677e-09	1.76329796859552e-06
ACOT9	ENSG00000123130	65.9081312035291	35.4585091166865	106.507627319319	3.00372548007658	1.58675296643752	0.00121276507635336	0.0415330122807373
RAB38	ENSG00000123892	11.9510911113322	4.64764967176316	21.6890130307575	4.66666262789326	2.2223911727534	0.000198309171027154	0.00972762115173791
PREX1	ENSG00000124126	1142.69335253752	435.271221893262	2085.92286006319	4.79223701256939	2.26069926213393	0.000351684526965726	0.0154647548055964
SDC4	ENSG00000124145	790.696836711785	230.866849522507	1537.13681963082	6.65810974078792	2.73511264956886	6.85330191004812e-08	1.37649494985196e-05
CDKN1A	ENSG00000124762	5722.88816024942	2763.92638419872	9668.17052831702	3.49798409378399	1.80652372897622	1.34552845003014e-06	0.000163922863547524
ATXN1	ENSG00000124788	1588.42150250767	833.842771779033	2594.52647681251	3.11152961280338	1.63762397659369	7.81288960333411e-06	0.000691208203418779
RUNX2	ENSG00000124813	345.737973764021	140.85155800859	618.919861437928	4.39412861446787	2.13557709751254	6.28610448550762e-07	9.07090980272813e-05
CD70	ENSG00000125726	30.4624610857112	2.90244963289387	67.2091430228009	23.1560066576558	4.53331457136061	9.78815514529187e-06	0.000838342473268026
TNFSF14	ENSG00000125735	6288.00571258375	3476.98518552181	10036.0330819997	2.88641813137133	1.52928030619116	6.63325616077491e-05	0.0039594412175742
VASP	ENSG00000125753	4986.24465718022	3138.8345891758	7449.45808118613	2.37331973684609	1.24690647545328	6.25067050296806e-05	0.00376128403585483
PCID2	ENSG00000126226	1874.69043216791	916.645441942043	3152.08375246906	3.43871644175846	1.78187015542992	0.000687606659267661	0.0266838062054706
PLEKHG3	ENSG00000126822	30.5414192497528	4.75940841452908	64.9174336967177	13.6398115149235	3.76975180315238	0.00095698956656198	0.0345236308927444
HIVEP3	ENSG00000127124	3174.75720482347	1007.32425554122	6064.66780386647	6.0205715989714	2.58990046436936	5.84421437046742e-13	4.82569767712541e-10
IL22	ENSG00000127318	20255.7558299776	963.776323394727	45978.3951720881	47.7065000000596	5.57611394139028	6.24154568381575e-18	7.7306744582128e-15
YWHAH	ENSG00000128245	182.763413394731	99.9697764125595	293.154929370961	2.93243558094155	1.55209941581492	0.000370893340904536	0.016074737852456
TPST2	ENSG00000128294	241.108204955648	170.796334944	334.857364971179	1.96056528426662	0.971269682517373	0.00108433973765606	0.0380519087815823
LIF	ENSG00000128342	1123.24687428261	416.891984413623	2065.05339410793	4.95344950566156	2.30843354569745	2.17522756267127e-05	0.00163186106130707
STRIP2	ENSG00000128578	845.483124817332	378.856064679876	1467.65253833394	3.87390535657406	1.95378870787272	0.000266334192368568	0.0122554956692694
CHN1	ENSG00000128656	71.519647457476	24.1306455704055	134.704983306903	5.58231991406436	2.48086480538013	1.41777810859952e-05	0.00112087425681461
VPS13C	ENSG00000129003	2696.25430135773	933.532308912746	5046.55029128436	5.40586570288275	2.43452567165957	0.00120693290318893	0.0415175918625329
SEC14L1	ENSG00000129657	509.215143771625	300.271957411629	787.806058918287	2.62364180028413	1.39157076560042	0.000115091870905914	0.0062536102474719
MLLT4	ENSG00000130396	1017.49780881562	305.380395281328	1966.98769352801	6.44110664574897	2.68730857889493	3.7537008665677e-05	0.00249068107052659
ACTN4	ENSG00000130402	1485.45162578361	485.536584953813	2818.67168022334	5.80527146165818	2.53736353086883	3.2597326939068e-12	2.10649595780595e-09
ZBTB46	ENSG00000130584	89.745204355209	46.9186454160819	146.847282940712	3.12982784644456	1.64608330510961	0.000189443179633885	0.00944863751308197
SLC35D2	ENSG00000130958	98.256367929532	44.0880239992749	170.480826503208	3.86682847264853	1.95115076981307	1.34258935826865e-06	0.000163922863547524
LGALS3	ENSG00000131981	197.817637879094	37.9016064646952	411.039013098292	10.8448968642311	3.43894442782656	3.28818400120445e-19	4.88722788099017e-16
PPARG	ENSG00000132170	217.225681610128	15.9934127177608	485.535373466617	30.3584595755118	4.92402668342889	2.34365714725344e-12	1.58335346271036e-09
ZBED3	ENSG00000132846	36.5108092965219	57.4309664564638	8.61726641659939	0.150045645203129	-2.73652664689431	0.001085514991818	0.0380519087815823
ALOX5AP	ENSG00000132965	112.684238895905	56.2706276625379	187.902387207062	3.33926232943298	1.73952943467262	6.6663417128529e-06	0.000604157541939833
MICALCL	ENSG00000133808	10.8823299246415	1.72871189419356	23.0871539652388	13.3551195215261	3.73932098230489	8.33457273552577e-07	0.000109183259423443
MICAL2	ENSG00000133816	328.68208860946	39.8855926295175	713.744083249382	17.8947844621261	4.16146726187192	3.377018563989e-06	0.000343785115866908
TRIM45	ENSG00000134253	48.4211892658834	22.9469929294042	82.3867843811892	3.59030852690154	1.84410782485763	0.000180557020405661	0.00909701353996385
HRH4	ENSG00000134489	119.868993520011	2.65719128501117	276.151396500012	103.926050810772	6.69941352510122	7.63511792960476e-09	2.02644210335206e-06
EMP1	ENSG00000134531	498.787443880984	194.864770978496	904.017674417636	4.63920528004212	2.21387768536566	1.7110248133874e-08	4.23849363356281e-06
CTSL	ENSG00000135047	387.186097825228	142.911901145401	712.885026731663	4.98828313819966	2.3185433558018	3.89365396027987e-06	0.000385809192077598
ADAM19	ENSG00000135074	3782.13537490562	1011.46344754747	7476.36461138314	7.39163103670361	2.88589274447001	0.000130503333852993	0.00702779366325011
P2RX4	ENSG00000135124	255.745649699212	140.750021150742	409.073154430505	2.90638076702235	1.53922372386174	0.00124883049965799	0.0424745256668575
CGA	ENSG00000135346	3.66151627122785	0.593494192583656	7.75221237608679	13.0619852274192	3.70730227661803	0.000174579823497606	0.00890515016502967
CD63	ENSG00000135404	449.72274589342	332.101957775029	606.550463384609	1.82639833696944	0.869001451027077	0.00147465522446268	0.048199808377021
STX11	ENSG00000135604	1631.42596356322	1078.63469436078	2368.48098916649	2.19581383905893	1.13475574794466	0.000972483277098082	0.0349130892451903
FAM129A	ENSG00000135842	2122.55549422675	516.43688490978	4264.04697331603	8.25666620241688	3.04555938163168	4.80629954006964e-14	4.46475187900344e-11
TMBIM1	ENSG00000135926	1188.54721299959	663.765685047314	1888.25591693595	2.84476278221788	1.50830835475103	1.1637881113065e-05	0.0009504056427664
SLC41A2	ENSG00000136052	83.1732103720558	38.093907271147	143.278947839934	3.76120377518891	1.91119447109254	3.27359541730461e-05	0.00222170998572596
MYO1G	ENSG00000136286	1091.83460131437	302.085626307891	2144.83323465635	7.10008371093532	2.82783603428483	0.000680919926784081	0.0265630259102147
FAM129B	ENSG00000136830	43.9962230232696	10.4395683568288	88.7384292451906	8.50020098648467	3.08749695404759	0.000122788724890021	0.00663639570196505
SLC2A8	ENSG00000136856	8.07633454809608	2.41710837316516	15.621969448004	6.4630819293995	2.69222228008702	0.000229386989599729	0.0109626328823819
DERL1	ENSG00000136986	900.761754956828	527.434808203472	1398.53101729464	2.65157133268898	1.40684756044636	0.000400760578435151	0.0170241353732352
DNAJB5	ENSG00000137094	226.932884154581	150.388762763337	328.991712676239	2.18760834673508	1.1293544717685	0.00147553742929049	0.048199808377021
FOXP4	ENSG00000137166	386.899621633783	182.898769756129	658.900757470656	3.60254340884421	1.84901581425761	1.65074189226637e-07	2.9208305648518e-05
TUBB2A	ENSG00000137267	247.090070891379	129.009640539577	404.530644693782	3.13566213347971	1.64877011793111	2.45202908130824e-05	0.00177778088953582
RNF144B	ENSG00000137393	15.1769725053822	6.43481336141446	26.8331846973391	4.17000201718994	2.06004808155704	0.0014500752015405	0.0479368355615956
RDX	ENSG00000137710	140.243496422091	51.1139482394308	259.08289399897	5.06873178306164	2.34162482431707	4.85003941878197e-06	0.000465071844395848
NUSAP1	ENSG00000137804	84.3324689039854	34.2692929142741	151.0833702236	4.40870987917787	2.14035654167517	3.16788034770565e-05	0.00215982594531877
FNBP1L	ENSG00000137942	134.985883442736	40.355134523577	261.160215334949	6.47154862493071	2.69411098674144	4.21975348385292e-06	0.000407261013185104
MYOF	ENSG00000138119	10.2895499722483	1.73645308861684	21.6936791504237	12.4930983120906	3.64305940731508	0.000707477087327469	0.0270521750806495
DUSP5	ENSG00000138166	10203.4431078602	4580.91729766439	17700.1441881213	3.86388643103114	1.95005269049976	1.91254991439577e-07	3.34426227972522e-05
GPR87	ENSG00000138271	16.5644319751723	0.90638354814086	37.4418298778808	41.3090351812763	5.36838545971845	1.12539654505818e-05	0.000924130875646395
ZNF365	ENSG00000138311	45.1996581779815	17.9370363791343	81.5498205764445	4.5464489703165	2.18474016001716	4.78425115495499e-07	7.46410398649623e-05
TMOD3	ENSG00000138594	405.150655533357	263.671064313011	593.790110493818	2.25201089865862	1.17121380939092	0.000376354505309137	0.0162137884417673
SEMA7A	ENSG00000138623	3407.44737218906	1886.88906095363	5434.85845383631	2.88032750112481	1.52623285937115	3.82496352739719e-05	0.00252668590700909
IL21	ENSG00000138684	935.642324239912	152.951691916561	1979.22983400438	12.9402284420894	3.69379118125646	9.92952978523343e-22	2.45971001996541e-18
FGF2	ENSG00000138685	14.115103841585	5.41687718599055	25.7127393823776	4.74678278637688	2.24695003329657	2.33919407690665e-05	0.00172116047351799
RGS3	ENSG00000138835	73.5339155913181	44.3766438042776	112.410277974039	2.53309552813012	1.34090148500969	0.000743796600888435	0.0281298953664244
PHLDA1	ENSG00000139289	4381.05299205931	2875.47495991539	6388.4903682512	2.22171657110837	1.15167478093156	0.00145844366954976	0.0479576288949515
RHOF	ENSG00000139725	80.2396214319049	37.7298861081471	136.919268530249	3.6289340534395	1.85954583977667	7.64623252258658e-07	0.000104262343103857
SLC27A2	ENSG00000140284	114.629158535921	51.2265979515516	199.165905981747	3.8879393507668	1.95900571404904	3.92030599559365e-05	0.00257820831913754
NCOA2	ENSG00000140396	1896.057170064	1043.4956908399	3032.80580902947	2.90639035278469	1.53922848211955	0.000413165186968164	0.0173377121965409
IGF1R	ENSG00000140443	685.422700795732	989.314651708007	280.2334329127	0.28326016644845	-1.81980035835948	0.000460910585013484	0.0189764931441978
FURIN	ENSG00000140564	8311.52459358527	2621.144717826	15898.6977612643	6.06555511915833	2.60063968673211	0.000147406137603757	0.00779678798293468
CMTM3	ENSG00000140931	927.99308355099	590.157368334864	1378.44070383916	2.33571717951848	1.22386559596111	7.19420297011243e-05	0.0042600573205092
KSR1	ENSG00000141068	1990.82154470721	1011.30500746518	3296.84359436324	3.25998938997318	1.70486726903979	1.64426341461273e-05	0.00127951241525597
OSBPL1A	ENSG00000141447	51.9806075429461	15.7838755851518	100.242916820005	6.35096977793625	2.66697690479737	0.000112489358478657	0.00621535068798618
RPTOR	ENSG00000141564	1284.98691598202	760.73103573391	1983.99475631284	2.60801079897942	1.38294984334269	0.000499562674782195	0.0203424658501035
TNFRSF11A	ENSG00000141655	14.7156537276514	5.78041319232011	26.6293077747599	4.60681734830647	2.20377039891537	0.000521822590729784	0.0209617545027481
MYO1F	ENSG00000142347	24.4290500578732	11.5711029668893	41.5729795125184	3.59282772191028	1.8451197589681	7.81995863995146e-05	0.00457590729392121
EFHD2	ENSG00000142634	1993.75991059332	1353.32707593498	2847.67035680444	2.10419964799497	1.07327159508056	0.000478137373731588	0.0195235049059687
C1orf216	ENSG00000142686	461.29995694717	315.325112036927	655.933083494161	2.08018029156316	1.05670857378556	0.00148768630142016	0.0484900910044032
RGS16	ENSG00000143333	2470.74160598947	1104.64810878595	4292.19960226081	3.88558090863713	1.95813030297257	1.70732007546062e-06	0.000196712389779621
RORC	ENSG00000143365	2329.25872678714	142.508682323099	5244.92545273919	36.8042519742606	5.20180054453432	2.07251518395072e-11	1.0016053879218e-08
DYRK3	ENSG00000143479	96.6233399540451	48.3752816259564	160.954084391497	3.3271968447856	1.73430722197526	0.000415670168352629	0.0173542295287223
MLK4	ENSG00000143674	68.5470796703834	39.3520385838763	107.47380111906	2.73108598656169	1.44947473718385	0.000449525154518513	0.0185851369150737
HNRNPLL	ENSG00000143889	248.71156194247	92.9657329142864	456.372667313381	4.90904178353709	2.29544144632205	3.3118829217088e-08	7.34694266647134e-06
RALB	ENSG00000144118	61.3592857589084	24.7798465646565	110.131871351244	4.44441296534603	2.15199287509255	2.31141967233513e-06	0.000248946598477659
SLC4A10	ENSG00000144290	62.2817224170457	10.0520328656898	131.92130848552	13.1238437287449	3.7141184151679	2.60281300014748e-05	0.00185988507794193
CDCA7	ENSG00000144354	14.5606318214004	1.70310848756313	31.7039962665167	18.61537095143	4.21842246017463	0.000426972532416242	0.0177761701661137
STAC	ENSG00000144681	8.20128561671547	1.01687609290095	17.7804983151348	17.4854128632433	4.12807995604862	0.0012969761981098	0.0438112664375136
LRIG1	ENSG00000144749	3899.43947345881	1633.40801630696	6920.81474966126	4.23703978465148	2.08305667527955	8.39165559539692e-09	2.15043408817904e-06
ADPRH	ENSG00000144843	33.4346403195134	5.20989939734044	71.067628215744	13.6408830182062	3.76986513255983	1.5172541664888e-06	0.000178975783147008
MED12L	ENSG00000144893	22.4150105378976	5.47398550180401	45.0030439193558	8.2212574192103	3.03935906710929	0.000370963808342354	0.016074737852456
LPP	ENSG00000145012	186.519067807065	85.7269423475195	320.908568419793	3.74338054796	1.90434171848838	3.95361974713278e-06	0.000389156624514136
IQGAP2	ENSG00000145703	2221.60986583395	971.068716363397	3888.99806512803	4.00486391909744	2.00175322226478	5.08759592689372e-07	7.71601410830831e-05
CHST7	ENSG00000147119	270.55609891491	96.3524501078151	502.827630657704	5.21862838044136	2.38367067101706	5.02291638733207e-06	0.00047856157862126
DOK2	ENSG00000147443	857.426998745674	480.263641793782	1360.31147468153	2.8324265180699	1.50203852854666	0.000703448713634215	0.0270521750806495
LRP12	ENSG00000147650	83.5470928302157	17.4924602302519	171.619936296834	9.81108054772254	3.29441203705537	6.9861708062984e-11	2.96672733411466e-08
CDKN2A	ENSG00000147889	13.5630629905914	4.19392119074308	26.0552520570559	6.21262319248289	2.63520255471066	0.000194521538467479	0.00964520993996273
NTRK2	ENSG00000148053	356.737212081488	17.1864104750063	809.471614223464	47.0995159460817	5.5576403278512	4.13498489856216e-22	1.22916561094659e-18
GLUD1	ENSG00000148672	3613.9569752925	1976.37468145787	5797.40003373866	2.93335068908199	1.55254955904416	5.25117787759271e-05	0.00329317539217976
ADAM12	ENSG00000148848	97.3404086771379	4.76048182842839	220.780311142084	46.3777237471299	5.53536010807276	1.47425809138664e-06	0.000175295184098237
ITGB1	ENSG00000150093	1858.59265677146	1159.92828852805	2790.14514776268	2.40544624642561	1.26630456043378	0.00137502679807492	0.0459258950557025
CD226	ENSG00000150637	676.396663747451	175.779870771734	1343.88572104841	7.64527653336125	2.93456868550938	2.07579501939206e-07	3.58750481084002e-05
RGS18	ENSG00000150681	4.93031834216682	0.399780381776911	10.9710356226867	27.4426563252642	4.77834822952515	0.000157910661535396	0.00823517951719504
UEVLD	ENSG00000151116	41.7087210450482	11.4245816362748	82.0875735900793	7.1851710814021	2.84502250815818	3.3639056465494e-10	1.28199306729907e-07
DLG5	ENSG00000151208	54.3160319164815	11.8179985989679	110.980076339833	9.39076743074967	3.23124306238338	3.18709344851862e-06	0.000326688068450567
INPP1	ENSG00000151689	49.2046662400402	25.9630876906859	80.1934376391792	3.08874809477873	1.62702221566199	0.00065517279905736	0.0257614637893903
MGAT5	ENSG00000152127	3004.12383575728	1722.63402413206	4712.77691792424	2.73579695507219	1.45196116049408	1.817007114519e-05	0.00139928376907232
PDE3B	ENSG00000152270	483.279682135341	643.554442972297	269.5800010194	0.418892300353529	-1.25534872857233	0.000463454964951277	0.0190285390720189
CCDC50	ENSG00000152492	153.126216328205	61.505097331933	275.287708323234	4.47585192553312	2.16216230846965	4.48189733897287e-05	0.00288982057208741
FARP1	ENSG00000152767	67.3302437214368	33.2088794698728	112.825396056856	3.39744664252256	1.76445089339956	3.13108557563035e-05	0.00215810252639885
JAKMIP1	ENSG00000152969	33.175271952171	1.45584825159039	75.4678368862785	51.8377082253156	5.69593003214812	3.86151813259575e-12	2.39140600019878e-09
LINC00467	ENSG00000153363	22.6974571511252	11.7821082705262	37.2512556585905	3.16167996450833	1.66069134081961	0.00128290238912123	0.0434345745091319
LPCAT1	ENSG00000153395	223.465429855519	143.049224878261	330.687036491863	2.31170100203819	1.20895481013444	0.00120952144765369	0.0415175918625329
KCTD15	ENSG00000153885	56.3467073201478	20.7760476395058	103.774253561004	4.99489871036281	2.32045542245435	1.18239174066687e-07	2.19673605519147e-05
MCOLN2	ENSG00000153898	910.632747050307	198.187201634106	1860.56014093858	9.3878924854772	3.23080131953928	5.37026984567114e-07	8.06245663800102e-05
CCSAP	ENSG00000154429	304.222078112642	162.739166122777	492.865960765796	3.02856388236596	1.59863384289147	0.000105646345471661	0.00589182215686572
PPP4R1	ENSG00000154845	223.408357635616	138.53427189426	336.573805290757	2.42953458872369	1.28067997191802	0.000114884193948398	0.0062536102474719
SH3RF2	ENSG00000156463	14.924966906367	4.7881987004825	28.4406578475463	5.93974052177081	2.57039990810835	0.0014640759766702	0.0480365590314553
TBC1D31	ENSG00000156787	80.7167968997003	28.3117952877235	150.590132382336	5.31898916518496	2.4111520981817	3.30078089491525e-08	7.34694266647134e-06
MYO1E	ENSG00000157483	15.8910580091108	3.36117802235492	32.5975646581187	9.69825592138083	3.27772532463911	0.000992609959422633	0.0355023248954546
AUTS2	ENSG00000158321	105.381048573204	37.2420918858802	196.232990822969	5.2691183788569	2.39756159244081	1.32096800513201e-06	0.000163612895502309
B4GALT5	ENSG00000158470	1898.23419431242	1164.84698900581	2876.0838013879	2.4690657472898	1.30396525366418	0.000246495968281558	0.0115490248547029
GDPD5	ENSG00000158555	89.4188419127253	40.781169304814	154.269072056607	3.78285063146525	1.91947381167707	7.31017288048101e-06	0.00065060538636281
RUNX1	ENSG00000159216	2733.34580315533	1862.77377981923	3894.1085009368	2.09048921727613	1.06384060199369	0.000336851154689871	0.0148564353476426
BTG2	ENSG00000159388	24696.9150481971	14677.1136500563	38056.6502457182	2.59292468213409	1.37458030017895	0.000413928303429127	0.0173377121965409
TLCD1	ENSG00000160606	147.161977114334	53.2547534949086	272.371608606901	5.11450322707701	2.35459411746082	0.000247096138316323	0.0115490248547029
LMNA	ENSG00000160789	2834.97154530354	1150.05967144429	5081.5207104492	4.41848439400335	2.14355158857071	5.09523465330384e-08	1.08186389502936e-05
CCR5	ENSG00000160791	47.4021865399208	6.40489904267599	102.065236536247	15.9354949791065	3.99417192685607	7.31509064462138e-12	4.0268219352225e-09
CCL5	ENSG00000161570	587.862831561498	232.324498711973	1061.91394202753	4.57082205240889	2.1924536541849	7.37357612983156e-05	0.00434894690546375
IL23R	ENSG00000162594	229.813494902802	26.8578992386577	500.420955788328	18.6321704218791	4.21972383543089	2.74990036182811e-18	3.71561537071375e-15
NLRP3	ENSG00000162711	315.516048938791	159.486320204666	523.555687250958	3.28276234964283	1.71491031207911	7.09867280459635e-05	0.00422030295578862
SGPP2	ENSG00000163082	1796.07146745264	1003.53982982823	2852.78031761852	2.84271758113161	1.5072707769825	0.00104962388788998	0.0370559616287618
S100A11	ENSG00000163191	303.25121716251	182.091249868724	464.797840220892	2.55255450526031	1.35194176761794	5.82085382200184e-05	0.00354571108018087
COL6A3	ENSG00000163359	171.983302962395	28.671098162251	363.066242695921	12.6631439312618	3.66256372800598	0.000691276914157543	0.0267563770185509
EIF4E3	ENSG00000163412	119.213901931811	69.5065463731746	185.490376009994	2.66867490457822	1.41612356845514	0.00132748728719229	0.0446390125555181
PROK2	ENSG00000163421	58.2358862375502	7.03949236211299	126.497744738133	17.9697254050523	4.16749645811495	2.03141110229638e-06	0.000227014009123542
AIM2	ENSG00000163568	919.818367125791	197.336803591361	1883.12711850503	9.54270609553679	3.25439843992111	1.68339852549403e-13	1.47178542849516e-10
PTPN13	ENSG00000163629	30.8970642625793	9.12648383715294	59.9245048298146	6.56600130993147	2.71501503773171	2.46908010635248e-05	0.00178145328255907
IL3	ENSG00000164399	454.169296316739	54.0455669452787	987.667602145353	18.2747199811109	4.19177739518504	5.78666390363796e-07	8.51556293067039e-05
CSF2	ENSG00000164400	3634.7563872843	646.286222478611	7619.38327369189	11.7894873953375	3.5594290864636	9.79972481272005e-20	1.61837010990509e-16
TMEM200A	ENSG00000164484	66.8019481312052	27.7386927115445	118.886288690753	4.28593697356451	2.09961063475676	2.65424911699046e-05	0.00188756481463298
CTSB	ENSG00000164733	2731.28236168502	810.294267826854	5292.59982016258	6.53170092682122	2.70745873436718	5.62887931980999e-06	0.000532879193186853
AQP3	ENSG00000165272	1508.09138321495	654.065628502089	2646.79238949876	4.04667708278805	2.01673772925255	1.46142296960308e-07	2.61700356592898e-05
OTUD1	ENSG00000165312	364.154967627172	192.36699063489	593.205603616881	3.0837182702659	1.62467096607772	2.1848910125823e-05	0.00163186106130707
REEP3	ENSG00000165476	190.211453510518	115.890526760866	289.306022510054	2.49637334988582	1.31983371534954	8.08647862622991e-05	0.00465850123339749
E2F7	ENSG00000165891	5.6850456036709	1.12653470161954	11.7630601397394	10.4418089587729	3.3842997636703	0.000160948765078367	0.0083351271615323
WEE1	ENSG00000166483	269.707258283399	134.853686345987	449.512020866614	3.33333135375569	1.7369647373879	2.84732672903327e-05	0.00197756155016923
PLEKHA7	ENSG00000166689	43.564867984576	22.9383195529821	71.0669325600345	3.09817519090214	1.63141872576067	0.00031650527682559	0.0140424415804739
MIDN	ENSG00000167470	3515.94457635101	1694.81928784575	5944.11162769136	3.50722443998546	1.81032975682205	2.76915965393868e-06	0.000291980238930224
SERTAD3	ENSG00000167565	108.167396273339	56.0026829389292	177.720347385885	3.17342559426464	1.66604101686243	0.000278529718295816	0.0127084529938481
KIF5C	ENSG00000168280	442.136380597449	282.845756496697	654.523879398453	2.31406646330965	1.21043030131239	0.00029906329965519	0.0135105708898939
XIRP1	ENSG00000168334	2709.95925065993	711.260226973713	5374.89128224155	7.55685623686674	2.91778617693751	2.70707770484408e-08	6.28676498860898e-06
LDLRAD4	ENSG00000168675	237.950118635163	139.15079359913	369.682552016541	2.6567045897096	1.40963781734484	0.000310342797714152	0.0138934488024863
PKIG	ENSG00000168734	17.7130100521977	7.53551850992211	31.2829987752317	4.15140626806782	2.05360012496635	4.50727738199803e-05	0.00288982057208741
TET2	ENSG00000168769	2080.59047301776	860.086559025289	3707.92902500771	4.31111146442027	2.10805986409086	1.11694921871446e-05	0.000922289790986275
SNTB2	ENSG00000168807	203.960219092616	99.3082925783135	343.496121111685	3.4588865863423	1.79030770986464	2.26686133189219e-05	0.00168461799879568
SLC35G2	ENSG00000168917	9.23902112023478	3.64045271111346	16.7037789990632	4.58837961225824	2.1979847553613	0.000620390220654384	0.0245889595988963
CEP120	ENSG00000168944	515.039534697211	683.038219048003	291.041288896155	0.42609810224353	-1.23074246883461	0.00058482584446633	0.0233036636093916
PXDC1	ENSG00000168994	60.3110742675613	3.48208538945047	136.083059438376	39.0809081967551	5.28839208920825	3.00926790738088e-06	0.000314977104981705
ROR2	ENSG00000169071	25.8019393464831	7.26257387787244	50.5210933046307	6.95636204934975	2.79833302079987	0.000414108042102673	0.0173377121965409
GPRIN1	ENSG00000169258	215.622650232083	50.2203636929197	436.159032284301	8.68490389578346	3.11850988464739	6.15240955405942e-15	6.53166165728465e-12
CRADD	ENSG00000169372	161.086615747327	79.1575862697816	270.325321717387	3.41502734552915	1.77189713081444	5.75500993579446e-05	0.00352002932821864
CD52	ENSG00000169442	386.952381768301	247.507872965928	572.878393504797	2.31458654886368	1.21075451004043	0.00111584033244829	0.0390229055557151
ZEB2	ENSG00000169554	1192.92832663853	116.427213652228	2628.26314395359	22.5743025320893	4.49660950899259	9.02284819861782e-27	6.70532963880283e-23
MT1E	ENSG00000169715	31.891569754421	10.8153922397395	59.9931397739964	5.54701470313401	2.47171154953221	0.000175319914095206	0.00890515016502967
LIMS1	ENSG00000169756	144.625983766619	63.002335455246	253.457514848449	4.0229860213435	2.00826672504447	1.08922958603284e-05	0.000909506704337417
NIPA1	ENSG00000170113	2909.31709965586	1346.64859704353	4992.87510313896	3.70763027125298	1.8904973840862	8.84973491234246e-07	0.000114377052175779
GPR25	ENSG00000170128	9.11893170867567	0.57506811007996	20.5107498401366	35.6666444906582	5.15650358867361	2.21139849106644e-06	0.000241676586564122
GLB1	ENSG00000170266	239.930164442279	126.096912832476	391.707833255349	3.10640303919055	1.63524502383952	6.31432828705318e-06	0.000582918393356965
NETO2	ENSG00000171208	832.410424176747	250.503522050413	1608.28629367853	6.42021429684676	2.68262145308563	7.22537473116032e-12	4.0268219352225e-09
CHST11	ENSG00000171310	1182.00760306523	783.915490796935	1712.79708608963	2.18492567910399	1.12758420686011	0.00145424863309069	0.0479368355615956
TPPP	ENSG00000171368	234.234850747425	109.730322791638	400.240888021807	3.64749576816436	1.86690630432498	9.86716483035071e-06	0.000838342473268026
SPSB1	ENSG00000171621	363.205217053386	191.342812219665	592.355090165013	3.09577915832542	1.63030255851313	7.01707319192998e-06	0.000628281679829249
RGS19	ENSG00000171700	92.8894941380672	51.9423160429279	147.485731598253	2.83941385047911	1.50559314019313	0.000175106060271629	0.00890515016502967
RRM2	ENSG00000171848	30.9181904806174	11.7700255761077	56.4490770199637	4.79600291902094	2.26183253682881	0.000898225202465007	0.0328017719514432
CXCR6	ENSG00000172215	87.4641857678317	29.2948109671451	165.023352168747	5.63319395895147	2.49395314649314	0.000195980179093638	0.00964520993996273
FNDC9	ENSG00000172568	31.1655271827582	12.0602522268774	56.6392271239325	4.69635510588299	2.23154149919056	0.000796954304049667	0.0295165930929046
MIR4435-1HG	ENSG00000172965	1782.2562245789	413.489693743156	3607.27826569322	8.72398591857992	3.12498744132079	6.95568002894319e-11	2.96672733411466e-08
EVC2	ENSG00000173040	33.868448095824	6.14272028815323	70.8360851727183	11.5317126370432	3.52753488623638	1.90349847314482e-11	9.7557578642591e-09
TRIB1	ENSG00000173334	4034.21531769098	1113.32289648685	7928.73854596316	7.12168821011653	2.83221927541382	8.64997593554089e-05	0.00490804966102627
PPP1R14B	ENSG00000173457	655.679862993623	480.30658639253	889.510898461747	1.85196481510415	0.889056689550119	0.0011268783740742	0.039316416135833
LRFN4	ENSG00000173621	150.305854166648	58.5737438549949	272.615334582184	4.65422417349778	2.21854070068841	1.11102453053352e-05	0.000922289790986275
GOLIM4	ENSG00000173905	59.9579689628918	7.34786469007929	130.104774659975	17.7064739414208	4.1462050379932	0.000187439240433016	0.00941185618431054
RP11-23P13.6	ENSG00000174171	87.5621385991111	53.8185379027906	132.553606194205	2.46297300817851	1.3004008173698	0.000806141066876008	0.0296725820517197
GPR171	ENSG00000174946	1779.98001827848	994.944639710038	2826.69385636974	2.84105642017785	1.50642748210913	0.00100918845012418	0.0357984914897272
SLC22A1	ENSG00000175003	140.65358248199	86.2066032008689	213.249554856819	2.47370325402949	1.30667244468884	0.000674301920655611	0.0263928604746952
CLCF1	ENSG00000175505	43.9278729254742	17.5353990489759	79.1178380941386	4.51189265058438	2.17373274275622	2.18548673066077e-06	0.000241676586564122
SPHK1	ENSG00000176170	163.442608560367	94.1785800046116	255.794646634708	2.71605970935411	1.44151519587211	3.15083259253549e-05	0.00215810252639885
B3GNT5	ENSG00000176597	501.261995107058	154.105070489531	964.137894597095	6.25636711066296	2.64532516948571	2.39173626896269e-08	5.64259939136388e-06
AC009951.1	ENSG00000176824	3.09664735337974	0.44180798282099	6.63643318079141	15.0210802856415	3.9089166671732	0.000314574663916763	0.0140406102996842
METRNL	ENSG00000176845	779.169666341164	264.29707677892	1465.66645242416	5.54552653508975	2.47132444749233	3.7845725951706e-06	0.000380068260013653
NAP1L4P1	ENSG00000177173	38.7232927378432	12.892097508962	73.1648863763514	5.67517320788882	2.50466442453552	9.5273062853399e-06	0.000828095633444485
RP1-232L22__B.1	ENSG00000178146	28.1137683827579	13.2593739253489	47.9196276593032	3.61401887669007	1.85360404168564	0.00128051862909383	0.0434345745091319
GLDC	ENSG00000178445	20.9583231144442	6.87722913379549	39.7331150886426	5.7774889153234	2.53044258674426	2.2638608244329e-07	3.86755901535014e-05
CTXN1	ENSG00000178531	17.0006883483078	5.38153069684679	32.4928985502557	6.03785435420713	2.59403595642137	8.23764734773583e-07	0.000109183259423443
MAF	ENSG00000178573	1794.75453506843	192.625154647165	3930.92704229678	20.4071324407092	4.35100156759528	7.92187617484658e-07	0.000107038950533404
MSC	ENSG00000178860	569.410052033815	22.6136252016939	1298.47195447664	57.419893665673	5.84347875374753	1.39774592101411e-26	6.92489920801093e-23
ZNF48	ENSG00000180035	186.562655772021	122.173553957275	272.414791525015	2.22973616385326	1.15687301166165	0.000706156788936092	0.0270521750806495
FUT7	ENSG00000180549	21.0722903828959	0.593494192583656	48.3773519699789	81.5127638559999	6.34895407950657	0.000758567605333512	0.0285432666280303
MB21D2	ENSG00000180611	244.20594267071	153.281869837148	365.438039782125	2.38409174007584	1.25343975190995	0.000632454176831976	0.0249341284622113
C4orf50	ENSG00000181215	3.22043586326879	0.13326012725897	7.33667017794856	55.0552541773496	5.7828083483026	1.51724469922508e-05	0.00118688462971486
CELF2-AS1	ENSG00000181800	42.2673346034852	24.4230161250277	66.0597592414285	2.7048157730909	1.43553033442204	0.00145458607537372	0.0479368355615956
FES	ENSG00000182511	71.5985691707489	8.32779407982361	155.959602625316	18.7276007464175	4.22709417797281	5.67706738617748e-05	0.00350022588366904
ANXA2	ENSG00000182718	1824.97886426028	618.024835308771	3434.25090286229	5.55681698640234	2.47425872595375	2.24022250136466e-11	1.04051334493072e-08
ASCL2	ENSG00000183734	16.0063468096945	3.77204496628942	32.318749267568	8.56796500476507	3.09895258751639	2.80760675530966e-05	0.00195912954010176
CSF1	ENSG00000184371	4017.71484413253	1436.5482319831	7459.27032699845	5.19249556744867	2.37642807952008	4.02723767441153e-11	1.8138434410539e-08
PTP4A3	ENSG00000184489	546.418697399331	206.001418746609	1000.30840226963	4.85583258773595	2.2797186833303	0.000772240572777913	0.0289225853657861
APOBR	ENSG00000184730	26.9613917399592	12.0564136387309	46.8346958749303	3.88462915078454	1.95777687717573	0.000188680757042533	0.00944229660580192
MAFF	ENSG00000185022	1137.84599087724	723.999722203348	1689.64101577576	2.33375920453903	1.22265571257108	0.000205678143395299	0.0100229319517519
FAM43A	ENSG00000185112	291.477371453192	78.7744289180213	575.08129483342	7.30035498488848	2.86796661775793	0.000232462948778407	0.0110740282297868
ZFP36L1	ENSG00000185650	10966.1534786612	6233.15459032877	17276.8186631044	2.77176161969586	1.47080318645389	0.000374392804001492	0.0161761635054482
TRIM69	ENSG00000185880	1542.70057727695	1056.02269821438	2191.60441602704	2.07533836131818	1.05334657135096	0.000942773932717062	0.0340935497858241
ZNRF1	ENSG00000186187	157.899941499905	45.7685076360955	307.408519984984	6.71659479109921	2.74772999444607	0.000511793925465136	0.020654093666529
TNFRSF4	ENSG00000186827	7209.11213059081	1893.58364975812	14296.4834383677	7.54996138680956	2.91646926600052	0.000228305659063744	0.0109461516473046
TNFRSF18	ENSG00000186891	2447.44472796174	656.397116636096	4835.50820972927	7.3667420029361	2.88102671763448	2.7989011660583e-05	0.00195912954010176
GCNT1	ENSG00000187210	181.134888401062	24.4376677191052	390.064515977003	15.9616097763721	3.99653425392091	1.58736714758545e-14	1.57286919430416e-11
PDCD1	ENSG00000188389	539.456536841661	121.223359028213	1097.10077392626	9.0502423189818	3.17795642067244	1.69905364130263e-17	1.94254109774469e-14
PARVB	ENSG00000188677	71.2667513311665	25.3313376109966	132.513969624727	5.23122669871176	2.38714929152623	0.000113120114421673	0.00622705281721975
HN1	ENSG00000189159	403.448261303063	271.105953568297	579.904671616084	2.13903333358555	1.09695896488905	0.000400891299241896	0.0170241353732352
HLA-DRB1	ENSG00000196126	66.0039626768938	20.5941062459171	126.550437918196	6.14498324943261	2.61940907797085	1.56134985426212e-06	0.000181299553780452
S100A4	ENSG00000196154	279.305884704707	69.90001187464	558.513715144797	7.99018054741458	2.99822810289252	2.28773571071402e-06	0.000248194276411259
THEM5	ENSG00000196407	136.157687090901	36.2086148524551	269.423116742162	7.44085676406079	2.8954687474217	1.24517976685397e-07	2.28482800922847e-05
PPP1R26	ENSG00000196422	11.8087010281777	2.70723014622348	23.9439955374501	8.84446251119482	3.14477447123735	3.07309463961077e-06	0.000317190316864825
S100A2	ENSG00000196754	11.2567190415194	2.09771343330336	23.4687265191408	11.187765757968	3.48385004793677	4.18652284721459e-06	0.000407261013185104
LAMB3	ENSG00000196878	8.28885464154838	2.54620252802467	15.9457241262467	6.26255136845586	2.64675053203441	0.000360531201138031	0.0157605154191604
ARHGEF12	ENSG00000196914	227.398191379618	91.1268319034526	409.093337347839	4.48927422146384	2.16648222409103	1.04345407074431e-07	1.96314656373072e-05
SRC	ENSG00000197122	73.7123410856946	27.777225930553	134.95916129255	4.85862633043225	2.28054848123846	7.33507808935533e-10	2.47775603732019e-07
SYNGAP1	ENSG00000197283	872.086839278679	407.240118182518	1491.88246740689	3.66339758976855	1.87318228572016	0.000358010004285232	0.0156964681229835
BLM	ENSG00000197299	249.32001502797	31.0329751989827	540.369401466619	17.4127487938808	4.12207206113148	9.03093869016042e-07	0.000115712794613667
PDGFA	ENSG00000197461	265.296029223785	76.4981753670034	517.026501032827	6.7586775573714	2.75674098791817	0.000138650770778584	0.00740594836395224
SPN	ENSG00000197471	434.379974683733	252.680534573931	676.645894830136	2.67787107531292	1.42108650454421	0.000139020358846981	0.00740594836395224
ENPP1	ENSG00000197594	10.0964192101622	3.5767748607333	18.7892783427342	5.25313419891405	2.39317844069571	0.0015307288511083	0.0497838575799181
DPP4	ENSG00000197635	449.417329408253	273.244497486799	684.314438636857	2.50440336376734	1.32446694407599	0.000105841116590402	0.00589182215686572
S100A10	ENSG00000197747	610.733330986338	323.581485153043	993.602458764066	3.07064064031391	1.61853968236493	4.20751485569376e-06	0.000407261013185104
MYO1C	ENSG00000197879	403.730851096238	203.037718564118	671.321694472398	3.30638907499543	1.72525650186527	1.27640470564769e-05	0.00102547044000225
S100A6	ENSG00000197956	601.858182176627	259.39881739934	1058.47066854634	4.08047607602175	2.02873748367892	0.000307169420152824	0.0137929277695813
HIBCH	ENSG00000198130	61.300515673527	30.9653814788176	101.747361266473	3.28584233125223	1.71626325527951	0.000236864864919794	0.0111937165601167
NTRK1	ENSG00000198400	43.9709952759847	22.4962118498492	72.6040398441652	3.2273895858005	1.69036773945411	0.000772540294033311	0.0289225853657861
C2CD4A	ENSG00000198535	131.766611955131	10.5575320302673	293.378718521615	27.7885700635841	4.79641969354053	2.28321415429516e-09	7.22030042027426e-07
RASGEF1A	ENSG00000198915	15.6102170719515	6.02077286953331	28.3961426751758	4.716361718089	2.23767436905586	0.000278742896857598	0.0127084529938481
GPRASP1	ENSG00000198932	183.341515115804	240.337661970025	107.346652643509	0.446649317312978	-1.16278553805149	0.00142982066909605	0.0474362156356576
RP11-370F5.4	ENSG00000203364	19.075288901959	7.14770924523003	34.9787284442644	4.89369772107157	2.29092499030587	0.000194969448501416	0.00964520993996273
C10orf128	ENSG00000204161	1044.53871827638	165.785638163565	2216.20949176014	13.3679220728011	3.74070332335189	1.47260910501749e-05	0.00115806291681878
GPR56	ENSG00000205336	12.9455516243052	2.65518939692112	26.6660345941506	10.0429877526144	3.32811662459936	3.01412680737002e-08	6.89214872891395e-06
C2CD4B	ENSG00000205502	34.7381322645294	2.94013573394276	77.1354609719782	26.2353401176273	4.7134395882351	1.54284460364828e-08	3.88666090576685e-06
ITPRIPL2	ENSG00000205730	75.7351948086441	6.86463689577426	167.562605359137	24.4095365717428	4.6093729999206	1.98449779483269e-12	1.40455193926658e-09
DOK6	ENSG00000206052	10.3838203481546	4.05865917539406	18.8173685785021	4.63635101281326	2.21298979526476	0.000237234792197857	0.0111937165601167
ZDHHC11B	ENSG00000206077	142.798775189434	59.9859687870518	253.21585039261	4.22125132781498	2.07767072803951	2.67968865276524e-05	0.00189658154504999
MIR27A	ENSG00000207808	19.4768265754547	8.07039871082866	34.6853970616227	4.29785420825401	2.10361654451619	0.000115285555258514	0.0062536102474719
GPX3	ENSG00000211445	24.5197563915032	10.6733242037802	42.981665975134	4.0270177457845	2.00971182979519	0.000399159024692341	0.0170241353732352
DENND1B	ENSG00000213047	128.227897302016	52.7635406723887	228.847039474852	4.33721915850519	2.11677034403114	5.30440548673749e-08	1.11041378520252e-05
LINGO4	ENSG00000213171	64.2793530565218	2.80660554093884	146.243016410633	52.1067226147187	5.70339761052446	0.000450154698878189	0.0185851369150737
CLIC1	ENSG00000213719	1383.93201398572	925.179663963415	1995.60181401546	2.15698841181444	1.10901842579704	0.000739183763100735	0.0280984354756169
CEBPD	ENSG00000221869	19.4517015712091	3.27228510804516	41.0242568554278	12.5368834013169	3.6481068417278	2.63053084696325e-10	1.05669135076797e-07
HMSD	ENSG00000221887	3.62316945395435	0.579409610075144	7.68151591245996	13.257487930626	3.7287355299635	0.00021923976475364	0.0105455036360303
AC112721.1	ENSG00000222022	11.5037999793009	2.8982836604944	22.9778217377096	7.92807896994802	2.98697133298164	0.0013269368213222	0.0446390125555181
LINC00152	ENSG00000222041	2990.85178390179	1259.80205178428	5298.9180933918	4.20615134408368	2.07250076148928	4.93256888360799e-09	1.35764391327899e-06
RP5-1086K13.1	ENSG00000224950	19.4373942222599	7.09396726146972	35.8952968366467	5.05997497783912	2.33913025064356	4.90368308707236e-05	0.00311467699671609
AC017002.2	ENSG00000224959	213.950092299807	86.1071255671937	384.407381276624	4.46429234217848	2.15843150449717	2.47390756970543e-06	0.000264530130996632
RP4-742C19.12	ENSG00000225720	29.7434863243439	8.04678386091193	58.6724229422531	7.29141281242316	2.8661983838243	0.000406657049613691	0.0172086824339937
LTA	ENSG00000226979	2822.66377462986	1378.87425861073	4747.71646265538	3.44318304080815	1.78374287711666	2.41065171461157e-05	0.00176500080957004
LINC00511	ENSG00000227036	11.1581348423822	2.44070989170554	22.7813681099511	9.33391067384569	3.22248166067933	0.000136108068640315	0.00730315604404696
LTB	ENSG00000227507	921.082631106623	639.660120349872	1296.31264544896	2.02656473994333	1.01903626396275	0.000781216871652716	0.0291739355863676
RP11-350G8.5	ENSG00000228013	161.998866724936	97.9782545846857	247.359682911935	2.52463859414983	1.3360768786583	0.000174600157416314	0.00890515016502967
RP3-467K16.4	ENSG00000228140	11.7510175711931	3.8525926044239	22.2822508602186	5.78370285885721	2.531993434885	2.75609387256277e-05	0.00194141342312325
RP11-135A24.2	ENSG00000229327	14.2737373846104	1.32258812433142	31.5419363983158	23.8486463155417	4.57583547393659	1.10898433092846e-06	0.000138511211013359
RP11-184A2.3	ENSG00000229672	26.1335426382519	10.4055653473293	47.1041790261487	4.52682554516255	2.17849970906455	6.53914661887917e-05	0.00391900549179037
RP1-151F17.1	ENSG00000229931	151.617006264445	83.9471933334907	241.843423505717	2.88089945479135	1.52651931040922	5.34157217028769e-05	0.00332183209903707
CISD3	ENSG00000230055	289.781576187556	201.36002220495	407.676981497698	2.02461728516673	1.0176492201086	0.000758092394736603	0.0285432666280303
RP11-402G3.4	ENSG00000230284	9.79406459685308	2.30895544031021	19.7742101389102	8.56413674932313	3.09830783238797	0.00020066357142227	0.00981073244095129
RP11-469A15.2	ENSG00000230623	22.8996771601637	2.39868229066146	50.2343369861668	20.9424721155189	4.38835984748514	3.82244160760317e-06	0.000381294963851047
RP11-486B10.4	ENSG00000230638	57.9190902417684	17.4936042261674	111.81973826257	6.39203544432011	2.67627540814121	5.7552287631185e-08	1.18805507091986e-05
AC021188.4	ENSG00000230747	10.4132652867437	1.3510273550934	22.4962491956107	16.6512166543479	4.05755568942515	0.000270346886762843	0.0124017462282597
RP5-1071N3.1	ENSG00000231105	95.3814284072053	59.3101087835665	143.476521238724	2.41909050887592	1.27446474793036	0.000695727562857938	0.0268586980954741
AC074366.3	ENSG00000232518	16.8195807882822	3.65480735936692	34.3726120268358	9.40476710454852	3.23339221793527	6.37798195607323e-06	0.000585160159340225
TNF	ENSG00000232810	18689.0506631734	4720.22709554178	37314.1487533489	7.90515964551616	2.98279459825332	2.72014040723128e-10	1.06393281243891e-07
LINC00892	ENSG00000233093	197.63566024265	49.413144010772	395.265681885155	7.99920122061019	2.99985594342499	4.22481526811877e-10	1.56983573325123e-07
HOTAIRM1	ENSG00000233429	23.2093530754433	8.82854636252069	42.3837620260067	4.80076337435753	2.26326382850766	0.000382851900675537	0.016406487920486
AL450992.2	ENSG00000234614	93.0626007717975	25.5214828315336	183.117424692149	7.17503077312949	2.84298501940451	6.56568583965745e-07	9.24562097233726e-05
RP11-383H13.1	ENSG00000235531	12.1791730025478	1.192163821204	26.8285185776729	22.5040536380127	4.49211299129475	8.99170232858849e-10	2.96985937132913e-07
AC006369.2	ENSG00000236213	108.012275099187	35.4261275028452	204.793805227644	5.7808690834525	2.53128640070759	8.65174602158974e-05	0.00490804966102627
RP11-162J8.3	ENSG00000236591	36.767096918364	5.32301495112697	78.6925395413466	14.7834526605427	3.88591134370349	1.43365130255959e-07	2.59858040365161e-05
LINC00299	ENSG00000236790	17.6338804922701	2.02340131372853	38.4478527303256	19.0015952196244	4.2480486354875	5.44514206543316e-10	1.88211968647751e-07
BX470102.3	ENSG00000238279	9.92025469298483	3.23160098664535	18.8384596347708	5.82945100976918	2.54336002360125	0.000551535050115176	0.0220361974458652
APOBEC3G	ENSG00000239713	291.635315032291	131.020476870046	505.78843258195	3.8603769782003	1.94874173817319	0.000810893031743754	0.0297587731624875
AC017002.1	ENSG00000240350	230.718742271128	79.8233400070962	431.912611956504	5.41085617211842	2.43585689304291	1.8295058812263e-05	0.0014016466965292
APOBEC3D	ENSG00000243811	84.0651972137885	40.8896695850524	141.632567385437	3.46377382900673	1.79234473075082	0.000213747977860088	0.0103821444278905
APOBEC3C	ENSG00000244509	375.274220841984	147.355775059606	679.165481885155	4.60901842232129	2.20445953416153	2.06180328903652e-08	5.02370201392621e-06
LUCAT1	ENSG00000248323	986.755401914465	532.637015154117	1592.2465842616	2.98936525055602	1.57983918104832	0.00120216129136342	0.0414564345093609
RP11-54F2.1	ENSG00000251196	39.2285399953015	18.2105411736724	67.2525384241404	3.69305545523104	1.88481492633614	0.000407552729379383	0.0172086824339937
MIR146A	ENSG00000253522	222.584155759671	77.1706307497378	416.468855772915	5.39672737836642	2.43208480982067	2.41184319719001e-09	7.31576029384391e-07
KB-173C10.2	ENSG00000253824	10.1602447142918	3.67881055198448	18.8021569307016	5.11093372844629	2.35358688457589	0.000845287556800515	0.0309446033416898
KB-173C10.1	ENSG00000253842	87.2921349757184	45.9880199134595	142.364288392064	3.09568206371932	1.63025730977404	0.000301314459538147	0.0135710206427742
AP000783.1	ENSG00000254667	32.2884716309466	14.0582696487029	56.5954076072716	4.02577337193795	2.00926595904914	5.69908271444465e-05	0.00350022588366904
LINC01059	ENSG00000255414	8.44855040621199	0.896866612108989	18.5174621316827	20.646840769486	4.36784914263963	0.000921869351231024	0.0335005969861778
RP11-134N1.2	ENSG00000256084	60.3063147096652	18.9067227663308	115.505770634111	6.10924336605837	2.61099371234682	1.38587221076542e-06	0.00016611466668231
CTD-2547L24.3	ENSG00000258875	99.9011787301565	24.3311656191489	200.6611962115	8.24708521377115	3.04388431442905	2.08906459164206e-11	1.0016053879218e-08
RP11-368P15.3	ENSG00000258985	71.4419920518495	32.0850259612398	123.917946839329	3.86217380621814	1.94941309016292	3.62529634801674e-05	0.00241626814442031
CTD-2008A1.2	ENSG00000259479	39.2409426076323	6.39449755171688	83.0362026821861	12.9855711118212	3.69883756073836	5.52307951950283e-07	8.20895308983706e-05
CTD-3094K11.1	ENSG00000259704	8.6168809950054	1.7151911819816	17.8191340790371	10.3890075148651	3.37698593182687	0.00100344129949009	0.0356797799864144
RP4-647J21.1	ENSG00000260997	147.297454915597	55.6470046946941	269.498055210134	4.84299301802008	2.27589892305619	9.21019215001347e-05	0.00520498425572814
RP11-79H23.3	ENSG00000261618	265.38534152953	26.0120709610453	584.54970228751	22.4722477177196	4.49007252777313	1.236422555727e-05	0.000998747198139698
RP11-178F10.2	ENSG00000264695	5.63521203723695	0.44180798282099	12.5597507764582	28.4280756908531	4.82924454053586	3.62371640856118e-05	0.00241626814442031
RP11-403A21.2	ENSG00000264745	26.3241566502982	10.8689120021528	46.931149514492	4.31792524451357	2.11033826644909	5.1236939481903e-05	0.00324057290008309
MIR24-2	ENSG00000267519	391.457232524523	153.847352812064	708.27040547447	4.60372175749865	2.20280064163539	6.82296283042312e-07	9.389786717461e-05
CTD-2553C6.1	ENSG00000267650	10.2574815012706	0.418206464280607	23.3765148839238	55.8970673113239	5.80470068768036	1.04154252437111e-06	0.000131190224912948
RP11-484L8.1	ENSG00000267764	2.8744841333221	0	6.70712964441824	Inf	Inf	2.30243019192831e-05	0.00170253830560351
AC026310.1	ENSG00000268865	4.98856371815026	1.21493140370288	10.0200734707468	8.24743968277343	3.0439463217527	0.000280688356001392	0.012758015398314
RP1-244F24.1	ENSG00000271857	13.75831146479	3.94949677890188	26.8367310459742	6.79497479003791	2.76446819847541	0.000175550628968155	0.00890515016502967
RP11-393I2.4	ENSG00000272008	22.3903251899398	5.395331882234	45.0503162668809	8.34986934079527	3.06175362239369	8.3779368017216e-09	2.15043408817904e-06
RP11-215G15.5	ENSG00000272016	148.487050495759	81.2704746746625	238.109151590553	2.92983586651535	1.55081984512636	0.000966820478461024	0.0347938323761893
RP3-428L16.2	ENSG00000272841	164.82539023737	48.0793908919979	320.486722697865	6.66578167385238	2.73677406524164	5.02468668766407e-07	7.69916682873722e-05
