Gene	expressionCSF	expressionDOUBLE	expressionFC	pvalCSF	pvalDOUBLE	pvalAVERAGE
ANXA2P2	61.2405527416644	76.8564018104613	0.796818	0.000165110545924662	5.59045984725368e-05	0.000110508
SLCO3A1	1273.29201653266	1466.76749462761	0.868094	0.000127546624001448	0.000113471391281958	0.000120509
HOPX	146.228568656495	205.456833230286	0.711724	9.7252546082142e-05	0.000158307476126219	0.00012778
SERTAD2	1295.50832328623	1905.28183272827	0.679956	0.000167510620753346	8.97096505332724e-05	0.00012861
DOT1L	6547.02714541175	8838.31179546301	0.740755	0.000225574026196053	3.20765796140867e-05	0.000128825
KLF8	33.1230048300016	53.5370974736265	0.618693	0.000241406221784926	2.9467202309042e-05	0.000135437
RP11-443B7.3	30.7458680179006	41.8445633754938	0.734764	5.6542180578434e-05	0.000218648471315211	0.000137595
IL23A	12812.4734461221	13175.8662784854	0.97242	1.57064097206059e-06	0.000276058008616715	0.000138814
IER3	11676.8609402382	15427.4159038539	0.75689	0.000271623463944277	5.12265188056443e-05	0.000161425
N4BP3	2423.26347890884	2699.11391085274	0.8978	3.13302467716278e-05	0.000298653389409073	0.000164992
RXRA	262.818051924109	338.943915712458	0.775403	0.000136258572578205	0.000218648471315211	0.000177454
SELPLG	578.069463108679	601.981647356068	0.960278	1.10261422158411e-05	0.000347507708503667	0.000179267
ZDHHC11	886.842461946843	1124.01062789875	0.788998	0.000148568852798736	0.000257567371490766	0.000203068
TIAM2	2014.54249844816	2246.79319690706	0.89663	0.000216085623694304	0.000250484335345892	0.000233285
DEPDC7	9.77832153052943	0.48718892075553	20.0709	0.000392396741559671	0.000115823949695733	0.00025411
RILP	46.817821108685	78.8172375434323	0.594005	0.00043960024923646	0.000201330415636197	0.000320465
MXRA7	78.2950911674105	80.2398823510091	0.975763	5.58596777202455e-05	0.000607288524194998	0.000331574
OSBPL3	3703.96229017731	4359.43633298426	0.849642	0.000357761236365812	0.000366083985364432	0.000361923
GALNT7	212.416943163538	253.846906008686	0.836792	0.000376689822349763	0.00036394145356658	0.000370316
CDH23	663.544693659469	668.207135064393	0.993022	6.96771698474518e-07	0.000747318726964873	0.000374008
SETD1B	701.709609164725	684.221287394738	1.02556	4.63371488180784e-06	0.000768931891748551	0.000386783
PTK2	32.9781633342057	16.4060536820858	2.01012	8.22241241053435e-05	0.000692889970579835	0.000387557
DDB2	703.182638444731	937.978269444096	0.749679	0.000726274513303349	0.000108236700538283	0.000417256
FOSB	7520.24907503544	12151.71601803	0.618863	0.000580976875154469	0.000473427654084511	0.000527202
ENC1	461.553383109538	912.091492784622	0.506038	0.00105772246342509	3.17660552899792e-06	0.00053045
NOP14-AS1	830.278412697217	1548.2810504077	0.536258	0.00114568536236844	8.58194613926871e-07	0.000573272
AHNAK	8965.93114463914	9690.18248492459	0.925259	2.27137072422636e-05	0.0011509152325888	0.000586814
GPR15	222.860630310394	312.937691384072	0.712157	0.000231611149293512	0.000947981163034869	0.000589796
RP11-317P15.4	50.0039912355398	54.9597422812034	0.909829	0.000702406699423443	0.000482034922720482	0.000592221
CD82	9120.26836055618	10019.8080580624	0.910224	7.48664383710899e-05	0.00116654552711563	0.000620706
TACC3	23.6251317453205	21.2779428896411	1.11031	2.06688554953175e-08	0.00129205243929221	0.000646037
CNKSR2	9.65122152993746	4.5162280056611	2.13701	1.33918347731555e-05	0.00130125999085575	0.000657326
TOP1	11105.0061228803	15865.4631784983	0.699948	0.00145639647129723	6.28672619060312e-05	0.000759632
KIF13B	402.790792054984	604.429672009795	0.666398	0.00156256586999514	0.000132730370014864	0.000847648
MICAL3	308.081930696549	247.235632746349	1.24611	9.14616461437485e-08	0.00171323002655033	0.000856661
ADRA2B	1090.5233694409	974.246337648508	1.11935	9.5476961405073e-07	0.00174749328314134	0.000874224
ZNF252P	25.0333981150918	10.4940227735888	2.38549	0.00112611954394718	0.000853559286498515	0.000989839
RUNX3	8869.51261243418	9580.24688567682	0.925813	7.64393053345168e-05	0.00192820658658714	0.00100232
IL13	8997.24700163214	6480.89854266544	1.38827	7.98811061936406e-05	0.0019579103622803	0.0010189
MIR22HG	1592.050293622	1674.40393346421	0.950816	0.000145950188941858	0.00222805823698923	0.001187
HCP5	745.954675140462	866.029996991036	0.86135	0.000407644972145505	0.00217656704587573	0.00129211
ING1	300.005269197325	420.686968585267	0.713132	0.00234704401692187	0.000242359523620877	0.0012947
ZFYVE28	67.1503929215303	98.8966691085295	0.678995	0.00109053857735367	0.00167677421523011	0.00138366
THEMIS	1330.74275485946	2265.31980877629	0.587441	0.00294862977822121	2.68199203117869e-05	0.00148772
TUBE1	398.899807072806	175.092750519841	2.27822	0.00306831651662474	6.94954325453711e-06	0.00153763
ETS2	6759.05587593834	8328.64105688361	0.811544	0.00165353049452406	0.00149195197911735	0.00157274
MAPKAPK2	11508.3126774214	12979.0205000614	0.886686	0.00013637359282699	0.00303148174074523	0.00158393
SCN8A	108.164035060347	92.4316854198462	1.17021	5.24910394315852e-07	0.00326278321020015	0.00163165
CACNB1	242.517129034208	191.474644102029	1.26658	4.39795569666385e-06	0.00326661402401451	0.00163551
PYCR1	205.52351571656	210.224036623721	0.97764	3.19455478840823e-07	0.00332585473744546	0.00166309
GNE	125.410546576952	83.8474963745898	1.4957	0.000260784614695732	0.00306951170588333	0.00166515
MEX3D	90.8870371461236	137.094696505753	0.662951	0.00292019555734119	0.000429117498344013	0.00167466
GZMA	35.1191733638976	86.5464964160901	0.405784	0.00331027626890096	5.14777805038295e-05	0.00168088
KDM5B	3118.93212357111	4371.29127134142	0.713504	0.00307227016514576	0.000504397588235571	0.00178833
PHLDB3	98.8499877793106	68.6520340669968	1.43987	0.0017306433711793	0.00191505078039387	0.00182285
EPHX2	43.3794662270814	21.2779428896411	2.03871	0.000930843150755948	0.00275795508306786	0.0018444
CTIF	31.4830119388911	49.5738222481516	0.635073	0.00325116159523709	0.000477063567765962	0.00186411
COL5A1	108.08146186402	215.81664648017	0.500802	0.00105772246342509	0.00276106811651909	0.0019094
SLC16A3	1335.80379014355	1536.31874443158	0.869483	0.00295041658406609	0.00104571725878853	0.00199807
THBS1	1314.01528008355	1389.5097932203	0.945668	0.00156143724737593	0.00250564139906506	0.00203354
BMP1	92.0014953580053	124.968657296346	0.736197	0.0034079876334526	0.000795601109211425	0.00210179
ABHD5	357.261628591923	375.351557050262	0.951805	0.000508925621765785	0.00381060643775622	0.00215977
APBA2	45.425932588011	11.5341644745305	3.93838	0.00162437569754785	0.00280023621377416	0.00221231
C11orf95	125.751863587507	148.551017070904	0.846523	0.00225343298820191	0.00226896642556612	0.0022612
AC017099.3	963.379609645109	1604.77483975086	0.600321	0.00445267278498197	0.000115386974758146	0.00228403
BTBD11	87.1434638449234	90.7459851745468	0.960301	9.82017680212541e-06	0.0046377934010556	0.00232381
ABAT	286.385694997201	532.710896649455	0.537601	0.00472737325447811	4.59385042292841e-06	0.00236598
RGS9	17.6148903115989	28.8488321386967	0.610593	0.00329539108133003	0.001659263899188	0.00247733
WNT9A	381.585900386356	195.449999377453	1.95235	4.88056800882795e-11	0.00558061369071829	0.00279031
PHF13	701.404834198559	637.319623283346	1.10055	1.25597131210227e-05	0.00563888482724255	0.00282572
PTPRE	5703.22301584757	5259.31857904041	1.0844	0.000111780379639278	0.00561600338554837	0.00286389
PLK3	9936.0741301605	13078.0137618569	0.759754	0.00412239824062181	0.00163983723893092	0.00288112
RASSF2	1085.30569413818	836.744977936223	1.29706	0.00113370510561902	0.00466972336346684	0.00290171
FBXL19	177.377591434001	194.819202687887	0.910473	0.00193111742394348	0.00391455726351679	0.00292284
KLF13	2443.68794180429	3102.67142330218	0.787608	0.00440769246778881	0.00152153177760937	0.00296461
PERP	89.6577341526572	86.7048660396923	1.03406	0.000516776392517164	0.00548328560720655	0.00300003
AKAP7	9.08663464504885	9.65117265093905	0.941506	0.000141088280409483	0.0060315716691223	0.00308633
C9orf72	30.8221173853628	26.5444152537804	1.16115	9.8381962567081e-05	0.00626541139272258	0.0031819
TGFBR3	1951.97253418279	1745.4623884254	1.11831	4.67214707958717e-05	0.00650312548283534	0.00327492
ITPK1	224.264650883657	293.913163374709	0.76303	0.00404876827564819	0.00254624952815898	0.00329751
MMP15	57.6438465191554	39.830043833041	1.44725	3.67436143755391e-06	0.00660370179941558	0.00330369
ADAMTS10	37.4417358365408	22.8441954660281	1.639	0.00482855449861794	0.00182986673104559	0.00332921
GAPDH	10891.554568216	12917.6037717935	0.843156	0.00299365020850522	0.00369748800904332	0.00334557
VIM	9939.6489079746	14801.0655314965	0.67155	0.00403941044453523	0.00301685356880532	0.00352813
PFKP	13106.7835408898	15575.3670007754	0.841507	0.0041521100926148	0.00298360342585101	0.00356786
SPTSSA	44.4127553133169	79.7526934302536	0.556881	0.00705010407099819	0.000108236700538283	0.00357917
RP11-134P9.3	153.132619559991	200.623865977421	0.763282	0.000807079578207817	0.00639617678362181	0.00360163
FRY	214.314194587119	236.361788670969	0.906721	0.00334305439507226	0.00411107178226872	0.00372706
C5orf52	35.8052581354763	19.1050537235861	1.87412	3.55816688000183e-09	0.00746617105437537	0.00373309
AAED1	204.263568361811	197.162541527493	1.03602	0.00032306716895487	0.00719538064694835	0.00375922
PTTG1	140.584450971263	144.363608362396	0.973822	0.00253302558272425	0.0049906278351159	0.00376183
PHACTR2	291.956385631736	337.774928097498	0.864352	0.00615124835857044	0.0015798898324284	0.00386557
PLCL1	113.519787969892	40.8701855339827	2.77757	0.0058906031947611	0.00199873666876891	0.00394467
RNF19A	11179.3776172479	15891.9982670759	0.70346	0.00472737325447811	0.00326661402401451	0.00399699
AC147651.4	586.836694041835	864.556350178821	0.678772	0.00707627478403468	0.000944631490144371	0.00401045
MBP	1732.51167921675	2441.75600736376	0.709535	0.00766679878816281	0.000420668098712606	0.00404373
TAP1	4562.32617762725	6481.41791324431	0.703909	0.00784712651151501	0.000429117498344013	0.00413812
LINC00963	1802.27502689936	2313.2871275191	0.779097	0.00388697230438994	0.00461230567342564	0.00424964
PSMD5	8363.87981199973	9004.43659642562	0.928862	5.09732640847294e-05	0.00862496487089129	0.00433797
AC093673.5	190.900191319564	187.287235393521	1.01929	0.000421863360942445	0.00832050132499119	0.00437118
AKT1S1	303.514175792498	957.974493490127	0.316829	0.00901970323476163	7.08626713926942e-09	0.00450986
KLF3	1130.29209579329	1495.79081107528	0.755649	0.00460568292214161	0.0048100357379319	0.00470786
KCTD7	129.122181957487	194.923888502008	0.662424	0.00839988483247902	0.00115138758570735	0.00477564
CPLX1	39.3711530636277	46.8748222066513	0.839921	0.00604528524417038	0.00373289480770877	0.00488909
SERPINB6	36.182325581121	14.7203534367863	2.45798	0.00885093331344363	0.000948452773313896	0.00489969
FLT4	3.9284409856058	3.05466124339451	1.28605	0.000261859425108962	0.00968090918561635	0.00497138
PLEKHN1	28.3248598444324	37.8423661953291	0.748496	0.00778367047438868	0.00228359691996155	0.00503363
SH3BGRL3	2295.65032982635	2667.09633341142	0.86073	0.00538631302724434	0.0047002209050465	0.00504327
SYTL5	17.3658382622907	17.8018565849217	0.975507	0.00241912814781272	0.00768762277449197	0.00505338
SELRC1	101.967739635467	151.393624881214	0.673527	0.00782936970014437	0.0023164470592055	0.00507291
NET1	100.882462020782	54.6819249886887	1.8449	0.00345780896909374	0.0069632514608523	0.00521053
RRAD	1399.76987671632	1014.12066704593	1.38028	0.000418486232744575	0.0100575040868226	0.005238
KB-1615E4.2	54.942914686916	55.5247751113384	0.989521	8.28887375177955e-05	0.0103996477462219	0.00524127
MAN1A2	788.827942142133	1057.3731133742	0.746026	0.00752699256287085	0.00305469775668357	0.00529085
C2CD4D	79.1450004076209	103.741716411344	0.762904	0.00111329399856252	0.0096234327870091	0.00536836
TOP1MT	192.486088111964	181.518812253834	1.06042	0.000307238129343081	0.0104764797300247	0.00539186
LINC00520	22.411511666031	30.0862654179304	0.744908	0.000850246880947367	0.0100627252799067	0.00545649
ANXA1	6813.32537707884	5294.70487516748	1.28682	5.88563517512854e-06	0.0109712962537445	0.00548859
C10orf55	13.3938303219147	13.8385813594468	0.967862	0.00246328472478603	0.00886762639733391	0.00566546
TUBB2B	37.364320137627	59.2518368038316	0.630602	0.0106955327412677	0.000677612827019754	0.00568657
RELT	767.261736303168	1000.70619255265	0.76672	0.00991915378187844	0.00176593097631886	0.00584254
SIRPG	75.8524076680465	37.7497604311576	2.00935	0.00627829057128137	0.0055335691396275	0.00590593
PSAT1	750.824212699506	455.761889074822	1.6474	0.0039877263181352	0.00797822304550086	0.00598297
MTND5P14	28.4460061125947	37.0384380273692	0.768013	0.001137923300493	0.0108464047852367	0.00599216
CYB5D1	2667.1038203857	3282.53541185088	0.812513	0.00465542520100802	0.0074677130497504	0.00606157
ATP1B3	4126.56516061784	5261.2498910638	0.784332	0.00845541054245251	0.003713138142982	0.00608427
CTD-2336O2.1	9.48110383156777	3.9632752254749	2.39224	0.00141665665469399	0.0108968034765739	0.00615673
HOOK1	282.741498840533	141.530398797191	1.99774	0.0122579134604967	0.000108236700538283	0.00618308
EIF4EBP1	38.3276744505783	28.8488321386967	1.32857	0.000502344249708286	0.0119015690771752	0.00620196
MROH5	12.283230927322	68.7446398311684	0.178679	0.0124635050438573	2.26643554373141e-07	0.00623187
WDR86-AS1	13.2792269219661	9.80954227454127	1.35371	0.00205857282115876	0.0108758432284969	0.00646721
ZFP3	30.4566605936449	24.0427067905721	1.26677	0.00113454401291666	0.0118151606646049	0.00647485
FAM35A	811.500106717971	1081.92985099027	0.750049	0.00961743972389331	0.0034534283837739	0.00653543
MPZL3	2292.32351593563	2500.01602266644	0.916924	0.00749737973895239	0.00563888482724255	0.00656813
MAP2K3	8501.96741303576	8722.81448675525	0.974682	0.000873099465463932	0.0124866001377812	0.00667985
GAN	1476.361091817	1970.78928159255	0.749122	0.00860134272210111	0.0048100357379319	0.00670569
RP3-395M20.12	149.31435858448	153.659119811441	0.971725	0.00264858809583409	0.0107959008483164	0.00672224
ALKBH2	91.9565472921168	59.9094753981382	1.53492	0.00667513297447694	0.00676936680353567	0.00672225
LMO7	39.0759335502434	23.068328949061	1.69392	0.00848903696372415	0.00505968116974248	0.00677436
PHTF1	55.9087475991156	79.5554018519616	0.702765	0.0119653838065507	0.00166022137420618	0.0068128
EPHA4	90.5324882557748	100.582369353829	0.900083	0.00171213451842339	0.0123712208979756	0.00704168
ANKS3	89.014994457975	67.2830730689018	1.32299	0.00158053107619948	0.0125793198544207	0.00707993
ACVR1	718.384421853593	545.270440970135	1.31748	6.53078763957241e-06	0.014288384298073	0.00714746
UBE2Q2	1023.30358097029	1274.72245408576	0.802766	0.00960741611601378	0.00474478296732672	0.0071761
SMAD7	337.755907086936	597.085598048615	0.565674	0.0146921866058203	0.000443636726577136	0.00756791
GLB1L3	38.7136167926797	25.5968793170102	1.51244	0.000137128326171694	0.0152622202365515	0.00769967
EGR2	21426.6407865001	20328.3070926997	1.05403	0.00031738496447306	0.0154109383911971	0.00786416
CTTN	48.852869394696	35.8667686075661	1.36206	0.0018052451252367	0.0139258446456994	0.00786554
CACNG8	10.7711916070896	40.7386578151214	0.264397	0.0157388005793117	6.47476831033529e-05	0.00790177
ZNF780B	58.3430101465017	54.3531056915354	1.07341	0.000153032495082013	0.015656430925794	0.00790473
RP11-774O3.3	48.450166314738	88.2321966613896	0.549121	0.0154610641557557	0.000583807712823494	0.00802244
RP11-982M15.8	58.8862509732015	36.4465632924932	1.61569	0.00054702738373987	0.0157172572555181	0.00813214
SMCO4	33.7073535159857	43.9516886821181	0.766918	0.0124746052005809	0.00381060643775622	0.00814261
CACNA2D4	86.2063778715935	97.4498642010549	0.884623	0.0119743452224206	0.00449991526156882	0.00823713
UTRN	2080.51442271469	2506.82057672796	0.829941	0.00894702685004485	0.00797320637574993	0.00846012
TBC1D20	2729.41036470367	3057.07295632946	0.892818	0.00674505144622458	0.0102331405467486	0.0084891
SMTN	261.365023769025	273.953179478524	0.95405	0.00530831095342414	0.0116878158352989	0.00849806
ERN1	2762.62198782659	2589.42259440879	1.06689	0.000105584075959603	0.0170102572220617	0.00855792
ZNF682	25.8475369622962	16.2476840584836	1.59084	0.0139880877812047	0.00357236963673961	0.00878023
PPP2R3B	40.6987131890273	25.241218115116	1.61239	0.00162400540752871	0.0159629421871334	0.00879347
CKS2	507.117492669864	650.948833014552	0.779044	0.0106765409078454	0.00691871780705776	0.00879763
TNFRSF1A	507.129381276147	287.397177681387	1.76456	3.11647618405362e-06	0.0176833241299176	0.00884322
HHAT	62.2300192821199	52.2728222896519	1.19049	9.36476500906122e-05	0.0176207547016474	0.0088572
RP11-667K14.3	113.490687595717	196.555904937825	0.577396	0.0164950503530154	0.00129699792155755	0.00889602
CLCN6	104.699683247587	72.0623565122855	1.4529	0.0106752516453309	0.00733267589616115	0.00900396
ZDHHC4	30.0251598182084	19.8821399868052	1.51016	0.00185263107809009	0.0161834746575226	0.00901805
ACBD5	108.367772283313	138.397893644417	0.783016	0.00866145646235251	0.00952307625687984	0.00909227
ZNF517	18.4213466544108	7.99231431038047	2.30488	0.0104367024412926	0.00776657573399123	0.00910164
CHST14	225.269150048151	238.020647011527	0.946427	0.00720542591957928	0.0111627891675603	0.00918411
AHRR	105.890716545534	150.075665887758	0.705582	0.00180959282466041	0.0167253998330145	0.0092675
TBC1D17	672.305833150067	1982.78111127825	0.339072	0.0186696169525674	1.21883496606622e-07	0.00933487
NKD2	113.858480599442	136.607507584997	0.833472	0.00701740923373499	0.0116878158352989	0.00935261
PSMD5-AS1	3582.9447553558	3901.5592970446	0.918337	0.000398544959454905	0.0187751185190961	0.00958683
MSN	17201.5292736034	17143.0148313702	1.00341	0.00193262019299891	0.0172826645792674	0.00960764
CD27	35.0617103171873	22.5153761688748	1.55723	0.0095487391284404	0.00996526160988302	0.009757
LDLRAP1	47.9272600834901	16.4060536820858	2.92132	0.0186696169525674	0.00091056803719131	0.00979009
KCNA6	124.654652473865	57.8023500915138	2.15657	1.06974644700593e-06	0.0196477895223225	0.00982443
WDR86	24.0806307379378	20.7249901094549	1.16191	0.00235104501996477	0.0188870253771222	0.010619
ST3GAL5	112.949378106124	160.267711268934	0.704754	0.0106765409078454	0.010777750980331	0.0107271
ZFP36	5788.45439550598	7857.10528750315	0.736716	0.00805395939585953	0.0136229022493726	0.0108384
IL6R	5622.17766123866	7578.14327977591	0.741894	0.0165985254099601	0.00513367786065309	0.0108661
ZC3H12C	289.109093561443	329.083371433278	0.878528	0.00847153996103015	0.0135380578071026	0.0110048
NCALD	14.440549571595	18.2890455056773	0.789574	0.0113797144173482	0.0106830382055082	0.0110314
CTD-2313J17.1	27.8846301044585	29.3360210594522	0.950525	0.00221613087991087	0.0200296294332737	0.0111229
RP11-138I1.2	11.6247686936628	15.3001481217134	0.759781	0.0133755854161292	0.00887877276013031	0.0111272
RP11-20I23.8	158.17019581585	182.074446838864	0.868712	0.0180502353542262	0.00424912889983832	0.0111497
ANP32A	1037.34970053351	1748.12246651221	0.593408	0.0214196133146065	0.000923532280348239	0.0111716
CDC42EP3	4688.70427732894	4324.11046096324	1.08432	7.48664383710899e-05	0.0225459767040257	0.0113104
ABHD16B	55.212473300723	88.2711186160794	0.625487	0.0171719047796661	0.00548328560720655	0.0113276
SPICE1	54.3002163858039	31.350540601905	1.73203	0.0117475615052143	0.0111280969225732	0.0114378
BIRC2	754.956438837841	1047.72462252811	0.720568	0.0211677575418367	0.00218487694362662	0.0116763
PIK3CD	1371.79129346001	1408.1773310535	0.974161	0.00086947137720252	0.0225577686807937	0.0117136
AC106801.1	22.2437294646639	19.4607149254803	1.14301	0.00180045587745483	0.0217328869560627	0.0117667
NPEPPS	677.608903126037	979.897994924126	0.69151	0.0196710244985442	0.00402141769768427	0.0118462
GALM	269.977035491388	386.76627385588	0.698037	0.0156264467193904	0.00807665646003456	0.0118516
MIR23A	31.4980086768701	34.6024934235915	0.910281	0.000355564292832908	0.0234268213275269	0.0118912
FAM131B	39.6406335061228	20.30356504813	1.9524	9.32732509834293e-06	0.023831422562035	0.0119204
C12orf75	53.6250385874683	68.245370860464	0.785768	0.0184076862267738	0.00544566283734416	0.0119267
ARC	44333.4866859405	36732.6123026176	1.20692	4.16345209514496e-06	0.023860064642114	0.0119321
LRRFIP2	1267.02781221026	1262.2917556791	1.00375	0.00196372538097619	0.0220907515305267	0.0120272
VANGL1	13.2352732184824	16.3402898226551	0.809978	0.0104064258746868	0.0137326996733618	0.0120696
ANKRD10-IT1	54.9229197259755	144.967563147221	0.378864	0.0241422067354606	9.08194044623179e-05	0.0121165
C9orf89	308.583827251512	390.149754396428	0.790937	0.0100418296887265	0.0145313160579818	0.0122866
KMO	21.6355682962913	28.9145959981274	0.748258	0.00766679878816281	0.0172826645792674	0.0124747
RPRD1A	74.9317959581008	78.1985209038154	0.958225	6.42559313984666e-05	0.0249224549174354	0.0124934
MAST2	144.565972425068	197.096777668063	0.733477	0.0207000939791445	0.00492623099559158	0.0128132
HRH1	1124.78190267159	1250.46230639611	0.899493	0.0153808282734315	0.0102542109290257	0.0128175
ORAI2	377.158038179469	392.152193888931	0.961764	0.00424211122096639	0.0219053978383593	0.0130738
RP11-395P17.3	95.1576584168037	108.969266820793	0.873252	7.56557389855609e-05	0.0264754819443773	0.0132756
EIF2B1	257.038993466236	253.832144153894	1.01263	0.000403333313506384	0.0263534382425872	0.0133784
NCS1	2209.1947873938	3747.07341793956	0.589579	0.0221350708609326	0.00492461412613773	0.0135298
ZNF629	31.751351949859	11.1785032726363	2.84039	0.027135351739162	0.00011807218179244	0.0136267
FKTN	82.2843452779006	65.1759477622775	1.2625	0.0113835069873216	0.0160665565756677	0.013725
TP73-AS1	157.570398685725	126.415462203821	1.24645	0.00809222959481379	0.0200943676421909	0.0140933
KIFC1	10.5060129552417	43.5302636207933	0.24135	0.0281870904443193	1.41600289664501e-05	0.0141006
CD83	12969.1738067839	30114.726168646	0.430659	0.0282189118101572	1.16151839837287e-05	0.0141153
CASP9	73.1197339060506	67.6118923660551	1.08146	0.00218299393882707	0.0260928783060541	0.0141379
PVRL1	543.745223185564	549.864512885176	0.988871	0.000854311643743157	0.0276218456132499	0.0142381
RIC3	54.6356358650889	44.7408549952861	1.22116	0.011393861282427	0.0172869959903533	0.0143404
KCTD9	265.879633647752	335.679882840823	0.792063	0.0223181605821748	0.00639306647189534	0.0143556
SACS	11909.6407992429	14960.6594417732	0.796064	0.0150371419766028	0.0138034160625698	0.0144203
MFHAS1	2270.86210514944	2876.32451389858	0.789501	0.0185507543057404	0.0104182625693604	0.0144845
PLXNC1	239.658888678801	323.105576665351	0.741736	0.0261087456262222	0.0030694266617822	0.0145891
CDCA4	686.337636073648	878.292927528991	0.781445	0.0251101737268649	0.00446460147673682	0.0147874
GFPT2	111.649802121911	127.969634730259	0.872471	0.00720542591957928	0.0225459767040257	0.0148757
AGAP1	50.7044391511377	46.5849248641878	1.08843	0.00304934041783087	0.0269757484806999	0.0150125
FAM9B	17.1705321670741	9.3881172132164	1.82896	0.000521238762792684	0.0296264731241331	0.0150739
RP11-486B10.3	20.0018907014039	16.959006462272	1.17943	0.000702482889041091	0.0295011906567841	0.0151018
PRADC1	120.892001513443	91.8129687802294	1.31672	0.00901970323476163	0.0212716812332025	0.0151457
PDPK2	75.9900458691928	91.116408231233	0.833989	0.0260479776565455	0.00435466573686066	0.0152013
GALNT2	436.04932309247	746.652596720563	0.584006	0.0302092053154102	0.000196002713061523	0.0152026
PFKM	64.2424710720297	34.1421464075769	1.88162	0.0146912684715474	0.0158249247177043	0.0152581
DIAPH2	129.299501924652	182.956218916203	0.706724	0.0291136338541102	0.00148160009030901	0.0152976
DHRS9	12.2323960183445	20.2378011886994	0.604433	0.0257907951199162	0.00485479494727841	0.0153228
NEO1	274.756876200047	419.079112249347	0.655621	0.0289961860781802	0.00165452139273275	0.0153254
APBB3	114.556049713579	108.508919804779	1.05573	0.000355591285708617	0.0303538081791404	0.0153547
ZBTB10	408.150821941796	208.392046804768	1.95857	0.0295835326683826	0.00129220954665779	0.0154379
LAT	102.707990996634	85.4137489509769	1.20248	3.67231830537676e-05	0.0309984409599519	0.0155176
KCNK6	271.862177263201	245.433166636981	1.10768	0.0025731981917018	0.028869163229402	0.0157212
CDK20	29.1575951871357	26.7685487368133	1.08925	8.72264399508412e-05	0.0317230252255299	0.0159051
SPHK2	43.9946392172944	32.0350211009525	1.37333	0.0106955327412677	0.0213484590148538	0.016022
MAPK6	2903.8015736157	4119.63201635358	0.704869	0.0287203432647824	0.00357236963673961	0.0161464
NAT9	424.400575750781	403.040799819104	1.053	0.000458958110482699	0.0322492241838256	0.0163541
SERINC5	412.624088229339	720.816822065728	0.57244	0.0318106239203856	0.000919689312071977	0.0163652
RP11-39K24.4	39.8112239377294	54.1947360679331	0.734596	0.00342031772727952	0.0293186870196583	0.0163695
USP46-AS1	14.1294790349411	16.4060536820858	0.861236	0.00883248241444203	0.0239129351263864	0.0163727
GLUD2	24.5502970573131	23.7796513528494	1.03241	0.00538631302724434	0.0276879941773162	0.0165372
NRCAM	2.45689995255957	0	inf	0.00720542591957928	0.0261105603603361	0.016658
ANXA5	1211.62738599782	2671.95210793361	0.453461	0.033231573601943	0.000211725754716106	0.0167216
SELL	1860.08150535015	1003.68436271724	1.85325	0.0196688343439978	0.0142476844041257	0.0169583
GPR114	9.01318862201688	27.2557376575688	0.33069	0.033651605990288	0.000505189513019926	0.0170784
TBC1D13	52.2148877377709	28.5589347962332	1.82832	0.0173915999521291	0.0172826645792674	0.0173371
PGAM1	13360.0992719822	12840.359527123	1.04048	0.000845187748830209	0.0339219219641479	0.0173836
CEP72	150.297176594788	232.279065776581	0.647054	0.0330850874872072	0.00179935943105625	0.0174422
TBC1D24	130.451766639928	194.911808452059	0.669286	0.0339262660425671	0.000971545756614098	0.0174489
PTP4A2	2028.39305169537	2261.90412272132	0.896763	0.0124565746039857	0.0225459767040257	0.0175013
CENPN	125.728040945336	225.273209357661	0.558114	0.033825962564765	0.0014100213849424	0.017618
LSMD1	540.870354134231	581.504950829544	0.930122	0.00388697230438994	0.0315471749062051	0.0177171
COL1A1	48.5939099312091	24.5298957113276	1.98101	0.00760679385730799	0.0278566995732883	0.0177317
CORO1C	525.781634692476	686.301570796622	0.766109	0.0211103189849211	0.014372978328053	0.0177416
CAPNS1	740.929201695503	930.249010571438	0.796485	0.0274209388574838	0.00813045374506283	0.0177757
TBKBP1	2060.16294144307	2257.45634037993	0.912604	0.0136074059116407	0.0220907515305267	0.0178491
SLA2	199.116029810383	276.37436222751	0.720458	0.0249733441708998	0.0108196307436256	0.0178965
BCAR3	51.093378696524	33.8522490651133	1.50931	4.96509921835145e-05	0.0357918905567161	0.0179208
TRAF3	5671.89186016336	7232.84846443399	0.784185	0.0262157020740792	0.00963325271664516	0.0179245
LUZP1	2176.29020451531	2244.29284127443	0.9697	0.0130266598298542	0.0229841634636747	0.0180054
EMR4P	9.79689133075543	0	inf	0.0343605932687797	0.00192112786059593	0.0181409
GRK4	72.9348043158425	107.403014244406	0.679076	0.0291136338541102	0.00717298166553274	0.0181433
SELP	18.5721725311667	5.55636970660282	3.3425	0.0347871912023292	0.0019579103622803	0.0183726
PHF19	10429.4085808793	10236.9386766132	1.0188	0.000318365676577109	0.0365293757530617	0.0184239
RP5-1142A6.9	65.655103892006	93.3402994019266	0.703395	0.0198297161020933	0.0176833241299176	0.0187565
AC026806.2	34.2055359595613	35.6694770292741	0.958958	0.0100723335178847	0.0277151476602656	0.0188937
SLC22A17	28.1903283684583	3.54185016415004	7.95921	0.0375504299241278	0.000583807712823494	0.0190671
HMBS	82.5175443455326	92.4316854198462	0.892741	0.000198000119759022	0.0379590991495241	0.0190785
P2RY8	972.605377472034	700.756186990842	1.38794	2.65533020965681e-05	0.0384497241482027	0.0192381
KANK3	13.8335891498552	22.8052735113384	0.606596	0.0289961860781802	0.00948283533467645	0.0192395
MYO1B	96.7181466055239	76.5517426132057	1.26343	0.0114386338305629	0.0274453244463018	0.019442
STOML1	10.5907394189826	9.03245601132219	1.17252	0.00191714951664087	0.0374586960781199	0.0196879
TROVE2	787.678983220503	850.729848869323	0.925886	0.00568314112865071	0.033921061938403	0.0198021
ZNF681	7.06261902194859	2.50170846320831	2.82312	0.0137096045637858	0.0259288946296725	0.0198192
MSL3	510.618380154295	500.726877553141	1.01975	0.000197855215961419	0.0398115569009511	0.0200047
PTDSS1	3266.23603184414	3982.22727318457	0.820203	0.0335442996720937	0.00650312548283534	0.0200237
ICAM3	1159.11312031054	1507.17733314558	0.769062	0.0359878745398677	0.00439531314744124	0.0201916
MYO9B	1809.04601089409	2529.96003314614	0.715049	0.0375504299241278	0.00335534933406475	0.0204529
ZNF692	73.589825440307	65.6899785877739	1.12026	0.0011964754373887	0.0397295909858932	0.020463
PLCB3	136.606156201737	256.005033319949	0.533607	0.0400265254894141	0.000948452773313896	0.0204875
C2orf49	141.37862359155	124.888131582124	1.13204	0.00631394488689949	0.0349282590984069	0.0206211
REEP5	402.970457922399	401.079964086133	1.00471	0.00720542591957928	0.0346336633920658	0.0209195
LRBA	1326.65236822824	2100.18289010465	0.631684	0.0417178602081404	0.000249511689297289	0.0209837
PRR5L	438.618506676514	169.892042015132	2.58175	3.8081304415222e-06	0.0430069252155346	0.0215054
RP11-62H7.2	11.3473966482661	15.9846286207609	0.709894	0.0142977455696409	0.028869163229402	0.0215835
ZNF667	9.1141536530892	0.48718892075553	18.7076	0.036378232391149	0.00745721694813126	0.0219177
CILP2	28.021875484539	13.4829201575526	2.07832	0.0307520345152155	0.0130855596229036	0.0219188
SIK3	2523.10275780375	2973.57307574223	0.848509	0.0176014618513855	0.0262522943857562	0.0219269
FERMT2	121.51226977999	119.370683830211	1.01794	9.00927572708877e-05	0.043890688702165	0.0219904
RIPK4	8.11067066046329	2.01451954245278	4.02611	0.0300878532056092	0.014634908765427	0.0223614
HMGCS1	6128.55370174504	6934.38285676008	0.883792	0.00894702685004485	0.0359253423427661	0.0224362
RBM11	5.45821012787636	1.52733062169725	3.57369	0.0262157020740792	0.0192609154151227	0.0227383
RP4-673D20.1	4.59720897497879	4.02903908490557	1.14102	0.00115172235327194	0.0443396979639575	0.0227457
RP11-542M13.3	131.52380046062	139.766854642512	0.941023	0.00250872363460178	0.0432370275606534	0.0228729
EEF1A1P14	10.4681548825055	25.7284070358715	0.406871	0.0437416335271663	0.00228359691996155	0.0230126
C11orf80	34.9981327576684	37.7766023358985	0.92645	0.0330850874872072	0.0130392526319189	0.0230622
CEP112	29.2796564468887	23.9111790717107	1.22452	0.00105757894491131	0.0451624661693296	0.02311
MTND4P14	25.990128945613	41.1332409717054	0.631852	0.0136074059116407	0.0334785596139691	0.023543
CPD	6442.49879046468	9832.29395966836	0.655239	0.0461715101007431	0.00137727138521135	0.0237744
SLC29A3	141.726917794247	145.125932770823	0.976579	0.00255335993839788	0.0451756974540986	0.0238645
APBB1	101.142070046507	49.1913191415165	2.0561	0.0461950862275683	0.00163999865952779	0.0239175
ARL5B	1278.17273227879	1825.83916210496	0.700047	0.0433631273757363	0.00463156235847223	0.0239973
FBXL8	51.2282183587051	86.8095518538128	0.590122	0.0375504299241278	0.0105082635038075	0.0240293
USP20	776.170706372932	712.621852567369	1.08918	0.00256764242532884	0.045975853891049	0.0242717
MLLT4-AS1	9.90234970562836	15.0102507792499	0.659706	0.0170332796756441	0.0315471749062051	0.0242902
RP11-249C24.10	10.4022772670202	23.9111790717107	0.435038	0.0433505705335542	0.00566627707106393	0.0245084
CORO6	44.6256329864005	66.0187978849272	0.675953	1.05037239770002e-05	0.0498471456568053	0.0249288
ANKRD26	17.330252444049	10.849683975483	1.5973	0.00259888422953514	0.0482603062322541	0.0254296
GPC2	8.34655432037698	2.01451954245278	4.1432	0.0380168589348643	0.0130855596229036	0.0255512
UST	72.9989919319574	66.1114036490987	1.10418	0.00221591357672083	0.0489778744467281	0.0255969
PLEKHA1	199.525503819469	149.746846590605	1.33242	0.0320134136074777	0.0192254069147913	0.0256194
ATP10B	45.6763010714948	43.7007132943444	1.04521	0.0019053730742152	0.0493866758759945	0.025646
UCK2	428.104333805173	591.054119471206	0.724306	0.0439944062932112	0.00733267589616115	0.0256635
PICK1	72.0781589658391	53.247200131163	1.35365	0.0114386338305629	0.0399375227757776	0.0256881
RP11-93B14.5	49.6482449740144	53.049908552871	0.935878	0.0158420989596232	0.0357493518090994	0.0257957
CTD-3064M3.7	32.5085419969783	168.627766831158	0.192783	0.0498349666986382	0.00205267482746669	0.0259438
CLOCK	323.961833337896	416.129136820073	0.778513	0.0337429980339723	0.0181557739939745	0.0259494
MARCH3	22.2129589421753	16.5375814009471	1.34318	0.0142977455696409	0.0379936578462071	0.0261457
ZNF32	37.2779896590392	21.896659529258	1.70245	0.0249997118900992	0.0278566995732883	0.0264282
NEK9	358.842220755488	287.552865500146	1.24792	0.0138804971759011	0.0397494761149794	0.026815
SFXN3	213.797671967018	271.305181441662	0.788034	0.0289961860781802	0.0249224549174354	0.0269593
WDR52	122.522488841539	101.201085993446	1.21068	0.00966788492977267	0.0443276614515259	0.0269978
TMEM120B	275.061462518652	295.335808182285	0.931352	0.0186696169525674	0.0355493179502673	0.0271095
RP11-712B9.2	17.6166635417376	10.4940227735888	1.67873	0.0171719047796661	0.0371318074361488	0.0271519
BID	525.352993124465	594.910027077717	0.88308	0.0186696169525674	0.0358716047367218	0.0272706
SKIL	1935.71273886208	2289.47795245667	0.845482	0.0130784264424433	0.0414764283123302	0.0272774
CLSTN3	214.315416037016	221.746121048303	0.96649	0.024112474115162	0.030757693400152	0.0274351
MAGEH1	60.5181306943874	22.7395096519077	2.66136	0.0498222032540606	0.00539486048855591	0.0276085
DOLPP1	50.7964571064497	32.8121073641716	1.5481	0.0191525901004352	0.0372729961484943	0.0282128
ZYX	3459.89582517803	3327.13130624678	1.0399	0.00878369751843439	0.0488932717259646	0.0288385
PGAP2	99.3105414500407	65.4000812453103	1.51851	0.0361217079264417	0.0217271601590138	0.0289244
IL31	835.376453750358	802.146519148051	1.04143	0.00808123773362214	0.0498209790709571	0.0289511
PPP1R26-AS1	15.6320293116601	18.9077621452941	0.826752	0.0157259318914294	0.0423209576933554	0.0290234
FAM213A	7.25814904674894	4.58199186509176	1.58406	0.0246049986401687	0.033921061938403	0.029263
PTPN1	4632.21055465813	5406.45098593916	0.856793	0.0268825068506845	0.0320037987816369	0.0294432
PRRX2	17.3126300118441	27.1631318933972	0.637358	0.0119743452224206	0.0477647873395626	0.0298696
CYB5R1	167.226778250007	135.513682074574	1.23402	0.0243777194862254	0.0359253423427661	0.0301515
PCBD1	54.4602174387085	60.0678450217404	0.906645	0.0193860994376865	0.040952715636945	0.0301694
AC010761.14	8.41900384895012	18.6178648028306	0.4522	0.0322846040436149	0.0293186870196583	0.0308016
RP11-368P15.2	17.8576762714658	24.9513207726525	0.715701	0.0222212814991686	0.0397986357053083	0.03101
LST1	34.6090438875216	54.221577972674	0.638289	0.0474001600489865	0.0155368181373021	0.0314685
RP11-930P14.2	46.4761791050568	56.591758717021	0.821253	0.028369036094425	0.0345843205201515	0.0314767
SAMSN1	4014.76046689133	4737.89758791798	0.847372	0.0293492397711921	0.0340598244654129	0.0317045
TBC1D5	616.675544247531	763.435789899598	0.807763	0.0450368664477154	0.0184165540185935	0.0317267
ARID3B	590.49104117438	717.442739770286	0.82305	0.0409263317377868	0.0243632894859908	0.0326448
PDCD4-AS1	20.9448749778671	7.99231431038047	2.62063	0.0207000939791445	0.045453567619721	0.0330768
PLAU	1102.22452154786	1102.68033017389	0.999587	0.0292783680595465	0.039418569471376	0.0343485
SCML2	56.2881474771571	37.5913908075554	1.49737	0.0471124866979535	0.0216613380197029	0.0343869
TBC1D10A	198.578113520434	235.202199301114	0.844287	0.0412146132235419	0.0283672341345224	0.0347909
RP5-1109J22.1	36.0747616308374	43.6617913396546	0.826232	0.0318811541031715	0.0379379788117933	0.0349096
DNAJC19	67.4251766326699	49.1255552820859	1.37251	0.0436218089008194	0.0263731513854194	0.0349975
GDE1	271.721242334952	315.244790073831	0.861937	0.0428774518541038	0.0283029224433013	0.0355902
RNF19B	1009.27744035702	1041.02610711129	0.969503	0.0346638907734302	0.0375113827341865	0.0360876
ADO	1885.76976211878	2187.88093047606	0.861916	0.0404667704563307	0.0319277213576294	0.0361972
FLNA	29068.2812060903	32732.3934972708	0.888059	0.0358828239442699	0.0365463937776342	0.0362146
COL9A2	9.47326064009953	3.47608630471937	2.72527	0.0284118278741454	0.0451002747372417	0.0367561
PPM1B	835.118820273245	876.711913097811	0.952558	0.0264239689794382	0.0473599339447112	0.036892
GPR125	5.66856949656752	0	inf	0.0329815133765892	0.0428681105885094	0.0379248
CTD-2589H19.4	12.5274821616271	16.4060536820858	0.763589	0.0329815133765892	0.0429563231675102	0.0379689
SLC9A9	63.8924050388588	64.9665761340366	0.983466	0.0428152532049077	0.033605084456816	0.0382102
ITM2A	1141.29839361986	1070.94460466051	1.06569	0.0305576310897529	0.0470739565203646	0.0388158
ZFP90	53.6114444986948	35.5111074056719	1.50971	0.0472108634704311	0.0342924129456221	0.0407516
KRBOX4	34.7164347625594	18.8419982858635	1.8425	0.0394753087046904	0.0437313545759702	0.0416033
RYK	156.710514022837	144.09787111983	1.08753	0.033825962564765	0.0495150575754597	0.0416705
ZMIZ1-AS1	14.5986950522444	23.4897540103859	0.621492	0.0380168589348643	0.0476742469354507	0.0428456
IL27RA	3803.32841548015	4451.90157674911	0.854315	0.0497857763962702	0.0497814325042237	0.0497836
TPRG1	114.196397733684	67.441442692504	1.69327	5.59622696317706e-13	2.23717211386871e-06	1.11859e-06
PROZ	253.224569867934	327.448673192617	0.773326	5.4157329533631e-06	2.65596438722879e-05	1.59877e-05
GGT7	51.8187913902357	25.438509693408	2.03702	1.55137788192915e-06	3.25826831364785e-05	1.7067e-05
KIAA1217	365.68947904526	379.081300547598	0.964673	1.83638067483486e-05	3.28804156923319e-05	2.56221e-05
LGALS1	749.37868426108	697.480074069258	1.07441	1.98151359324835e-08	5.14777805038295e-05	2.57488e-05
BHLHE40	7132.64980287675	8320.85277444809	0.857202	1.88632411562533e-06	6.47476831033529e-05	3.3317e-05
TCTEX1D4	808.596546206785	960.084300601595	0.842214	1.76332992841046e-05	4.91306732727715e-05	3.3382e-05
BTBD19	4135.40891947066	5218.97182257703	0.79238	3.67285191773314e-05	3.18966415818496e-05	3.43126e-05
BMPR1A	136.381684972028	104.506722624614	1.305	3.46814152191604e-08	7.11970940258721e-05	3.56159e-05
NACC1	1379.06749766063	1951.36077218149	0.706721	6.74668470859826e-05	7.72842373211563e-06	3.75976e-05
RBPJ	3886.2064216965	4493.49516473683	0.864852	1.02602946421646e-05	7.48340943682996e-05	4.25472e-05
SLC4A7	3059.5997326038	2554.91807035905	1.19753	4.92871360738356e-09	9.01394862445456e-05	4.50722e-05
VCL	1088.98264400126	1018.4154433734	1.06929	2.31655217569605e-08	1.11833066145597e-05	5.60324e-06
ANKRD33B	146.052474985563	151.722444178368	0.962629	1.34243069394375e-07	0.000113471391281958	5.68028e-05
TGFB1	7908.35139868287	8236.41335562601	0.960169	6.93395877472221e-06	0.000108236700538283	5.75853e-05
OVOL1	29.745659144535	38.7899021320993	0.76684	1.56783803604009e-07	1.02580462125787e-06	5.91294e-07
SESN3	485.901195072656	126.783203455664	3.83254	1.83355113275214e-08	1.19268275899085e-12	9.16835e-09
FASLG	8622.70850121928	5490.0461540954	1.57061	7.45922480781902e-11	0.000194262454246329	9.71313e-05
