ZEB2	ENSG00000169554	1346.5551571988	116.4272136522	2576.6831007453	22.1312785896	4.4680148972	5.00E-029	2.48E-025
MSC	ENSG00000178860	394.5484426513	22.6136252017	766.4832601009	33.8947538603	5.082990089	7.93E-022	1.18E-018
HIVEP3	ENSG00000127124	5186.2976397744	1007.3242555412	9365.2710240076	9.2971761302	3.216792587	1.70E-021	2.29E-018
ZBTB16	ENSG00000109906	173.3482696982	29.0110899685	317.6854494278	10.950483066	3.4529226087	1.34E-015	6.03E-013
TSHZ3	ENSG00000121297	304.6672886834	79.0302165217	530.3043608452	6.7101468803	2.7463443463	5.25E-015	1.95E-012
PAX2	ENSG00000075891	37.2639067934	1.623620932	72.9041926548	44.9022251562	5.4887150352	4.03E-014	1.27E-011
PPARG	ENSG00000132170	314.6983037517	15.9934127178	613.4031947856	38.3534900031	5.2612859576	6.78E-014	2.10E-011
FOXP4	ENSG00000137166	593.423461411	182.8987697561	1003.9481530659	5.4890918862	2.4565674899	2.76E-013	7.46E-011
ID2	ENSG00000115738	1993.6745282739	684.7782174603	3302.5708390875	4.8228327871	2.2698807912	5.46E-012	1.16E-009
RORC	ENSG00000143365	2712.6464853887	142.5086823231	5282.7842884543	37.0699118281	5.2121767786	6.22E-012	1.28E-009
SOX13	ENSG00000143842	24.3981568705	2.362728012	46.4335857291	19.6525310971	4.2966432275	7.28E-011	1.10E-008
CEBPD	ENSG00000221869	20.1417611257	3.272285108	37.0112371434	11.3105172445	3.499593002	1.07E-010	1.53E-008
RUNX2	ENSG00000124813	404.8104806457	140.8515580086	668.7694032827	4.7480440596	2.2473333226	1.33E-010	1.83E-008
RFX2	ENSG00000087903	141.4015041223	41.8382168342	240.9647914104	5.7594421953	2.5259290927	1.32E-009	1.47E-007
OVOL1	ENSG00000172818	15.6345692019	1.5234792593	29.7456591445	19.5248205472	4.2872373835	1.42E-009	1.57E-007
NFATC2	ENSG00000101096	1566.4333076109	681.6762229601	2451.1903922618	3.5958279161	1.8463239801	1.24E-008	1.16E-006
BHLHE40	ENSG00000134107	4240.6349228174	1348.620042758	7132.6498028768	5.2888505114	2.4029541984	2.21E-008	1.89E-006
ZMIZ1	ENSG00000108175	620.4635062988	277.8843022775	963.0427103201	3.465624731	1.7931154433	6.70E-008	4.88E-006
E2F7	ENSG00000165891	9.6371400057	1.1265347016	18.1477453097	16.1093531195	4.0098266578	1.32E-007	8.81E-006
RBPJ	ENSG00000168214	2546.8500028428	1207.4935839891	3886.2064216965	3.2184075122	1.6863470105	1.58E-007	1.03E-005
ZSCAN18	ENSG00000121413	68.6603714038	114.8717609237	22.4489818839	0.1954264625	-2.3553022601	1.58E-007	1.03E-005
MAFF	ENSG00000185022	1548.4286375308	723.9997222033	2372.8575528582	3.2774288167	1.7125644465	1.68E-007	1.07E-005
TP63	ENSG00000073282	10.352469538	0.533040509	20.171898567	37.8430873922	5.2419578893	1.75E-007	1.10E-005
ZBTB46	ENSG00000130584	129.3016206245	46.9186454161	211.6845958329	4.511737156	2.1736830219	1.84E-007	1.15E-005
ZBED3	ENSG00000132846	31.8934096696	57.4309664565	6.3558528827	0.1106694398	-3.1756712033	2.48E-007	1.51E-005
SMAD5	ENSG00000113658	59.4366897941	21.5088037664	97.3645758219	4.5267313273	2.1784696816	5.36E-007	3.10E-005
RUNX3	ENSG00000020633	5929.9032824599	2990.2939524857	8869.5126124342	2.9661005752	1.5685675178	1.54E-006	7.64E-005
HOPX	ENSG00000171476	91.9388174603	37.6490662642	146.2285686565	3.8839892504	1.9575392078	2.05E-006	9.73E-005
VDR	ENSG00000111424	887.4218367601	127.0649823294	1647.7786911908	12.9680000027	3.6968840912	2.61E-006	0.0001197583
ELF4	ENSG00000102034	1017.3073762168	534.3836448556	1500.2311075779	2.8074046091	1.4892370031	2.89E-006	0.0001299637
ETV3	ENSG00000117036	2468.6036522247	1274.7980006055	3662.4093038439	2.8729330467	1.5225243715	2.94E-006	0.0001320361
RXRA	ENSG00000186350	171.8570467279	80.8960415317	262.8180519241	3.2488369882	1.6999233576	3.04E-006	0.0001362586
ZNF780B	ENSG00000128000	128.5246298565	198.7062495664	58.3430101465	0.2936143693	-1.7680055203	3.53E-006	0.0001530325
KLF8	ENSG00000102349	19.0861864107	5.0493679914	33.12300483	6.5598318218	2.7136588281	6.01E-006	0.0002414062
ZNF48	ENSG00000180035	234.9427708671	122.1735539573	347.711987777	2.846049546	1.5089607775	6.18E-006	0.0002468847
TFEB	ENSG00000112561	98.0216036737	46.7505862789	149.2926210684	3.1933850022	1.6750864982	6.64E-006	0.0002618594
EGR2	ENSG00000122877	14774.637039095	8122.6332916914	21426.6407865	2.6378934044	1.3993862674	8.37E-006	0.000317385
ZNF331	ENSG00000130844	994.7268817095	1447.8881778392	541.5655855798	0.3740382675	-1.4187422164	1.08E-005	0.000390614
MAF	ENSG00000178573	1155.5554168096	192.6251546472	2118.485678972	10.9979700359	3.459165356	1.16E-005	0.0004129607
ASCL2	ENSG00000183734	12.669632324	3.7720449663	21.5672196816	5.7176464953	2.5154214253	1.27E-005	0.0004490485
CERS6	ENSG00000172292	115.329931418	180.428051997	50.231810839	0.2784035536	-1.8447504689	1.58E-005	0.0005370928
FOSB	ENSG00000125740	5004.6465324264	2489.0439898173	7520.2490750354	3.0213403643	1.5951887178	1.72E-005	0.0005809769
ZNF252P	ENSG00000196922	57.5672201758	90.1010422364	25.0333981151	0.2778369428	-1.8476896539	3.73E-005	0.0011261195
ZFP3	ENSG00000180787	66.0931203158	101.7295800379	30.4566605936	0.2993884432	-1.7399095625	3.79E-005	0.001134544
RARA	ENSG00000131759	2061.1512958638	1191.8317697684	2930.4708219591	2.4587956927	1.2979518629	3.95E-005	0.0011731701
ZNF692	ENSG00000171163	141.8345966972	210.079367954	73.5898254403	0.3502953486	-1.5133562633	4.06E-005	0.0011964754
MYB	ENSG00000118513	189.2519782233	348.0211590622	30.4827973844	0.0875889198	-3.5131078129	4.75E-005	0.0013669965
ETS2	ENSG00000157557	4812.1219574757	2865.188039013	6759.0558759383	2.3590269762	1.2381919163	5.92E-005	0.0016535305
AHRR	ENSG00000063438	64.8836884244	23.8766603033	105.8907165455	4.4349048485	2.1489031516	6.60E-005	0.0018095928
ETV1	ENSG00000006468	20.6178519705	5.5490132805	35.6866906605	6.431177735	2.685082961	8.18E-005	0.0021744595
C11orf95	ENSG00000188070	69.6792705878	13.6066775881	125.7518635875	9.2419227819	3.2081930356	8.58E-005	0.002253433
SREBF1	ENSG00000072310	493.3435577415	697.9114081245	288.7757073584	0.4137712953	-1.2730945307	0.000104544	0.0026487427
SOX30	ENSG00000039600	13.3335014512	3.6896576363	22.9773452661	6.2275006332	2.6386532631	0.0001145437	0.0028709319
KDM5B	ENSG00000117139	2241.138538183	1363.344952795	3118.9321235711	2.2877057763	1.1939015179	0.0001250571	0.0030722702
CBFB	ENSG00000067955	978.4162885857	588.5823339887	1368.2502431827	2.3246539425	1.2170159667	0.0001344107	0.003274995
TRPS1	ENSG00000104447	119.9243744844	194.7872095756	45.0615393932	0.2313372602	-2.1119304431	0.0001844807	0.0042357011
KLF13	ENSG00000169926	1762.5139471111	1081.3399524179	2443.6879418043	2.2598702067	1.1762399153	0.0001933537	0.0044076925
PRDM1	ENSG00000057657	2105.469013646	1001.7135895338	3209.2244377581	3.2037345518	1.6797546169	0.000200089	0.0045127813
ZNF443	ENSG00000180855	22.6586229453	8.7466046259	36.5706412647	4.1811243138	2.0638909385	0.0002029907	0.0045643732
KLF3	ENSG00000109787	811.2781811459	492.2642664985	1130.2920957933	2.2961083563	1.1991907262	0.0002056573	0.0046056829
ZBTB7B	ENSG00000160685	200.5512613801	114.2970542123	286.805468548	2.5092988662	1.327284311	0.0002141489	0.0047273733
TBX21	ENSG00000073861	3320.4255148212	1540.4286714435	5100.4223581988	3.3110409153	1.7272848385	0.0003828775	0.0076667988
KLF9	ENSG00000119138	1456.9167453828	904.6690705639	2009.1644202018	2.2208832882	1.1511335784	0.000387007	0.0077312975
SOX8	ENSG00000005513	515.1631850696	217.8941878655	812.4321822737	3.7285628875	1.8986196748	0.0004328246	0.0084757198
TSC22D2	ENSG00000196428	1581.9509555024	997.0494940231	2166.8524169818	2.1732646473	1.1198638681	0.0004697067	0.0090197032
ZNF229	ENSG00000167383	13.2547846717	23.6769065325	2.8326628108	0.119638214	-3.0632498161	0.0004756051	0.0091102582
ZNF517	ENSG00000197363	40.0909980846	61.7606495147	18.4213466544	0.2982699631	-1.7453093945	0.0005617548	0.0104367024
PRRX2	ENSG00000167157	10.1504333346	2.9882366573	17.3126300118	5.7935940145	2.5344585914	0.0006738083	0.0119743452
HSF4	ENSG00000102878	77.501466445	30.2838349397	124.7190979502	4.1183389818	2.0420625835	0.000748822	0.0130784264
ZNF681	ENSG00000196172	18.3133674004	29.5641157788	7.0626190219	0.2388916034	-2.0655719482	0.0007923401	0.0137096046
ZNF682	ENSG00000197124	52.1519051292	78.4562732961	25.8475369623	0.3294515005	-1.6018619972	0.0008121994	0.0139880878
ZNF75D	ENSG00000186376	120.1320353923	70.0084556881	170.2556150964	2.4319293066	1.2821012919	0.0008288783	0.0142420358
SMAD7	ENSG00000101665	223.2913042988	108.8267015107	337.7559070869	3.1036124627	1.6339484245	0.0008669211	0.0146921866
GATA3	ENSG00000107485	987.4692023386	641.6157512582	1333.3226534191	2.0780703261	1.0552444788	0.0009612492	0.0158392987
FOXJ2	ENSG00000065970	985.5767887943	1347.6660293111	623.4875482775	0.4626424757	-1.1120303673	0.0009967806	0.0163884405
ZBED2	ENSG00000177494	751.4168602136	98.6345899034	1404.1991305239	14.2363762236	3.8315100593	0.0010571674	0.0171719048
ZNF75A	ENSG00000162086	110.655385537	154.706622405	66.604148669	0.4305190536	-1.215851006	0.0011562208	0.0183403518
ZNF639	ENSG00000121864	325.0638892525	445.9328252804	204.1949532245	0.4579051858	-1.1268791911	0.0011807393	0.0185903899
KLF10	ENSG00000155090	17063.0441059131	11399.8221893746	22726.2660224517	1.9935632017	0.9953493436	0.0011922035	0.018669617
ZNF662	ENSG00000182983	8.3367944451	15.4695005847	1.2040883055	0.0778362753	-3.6834135162	0.0014502756	0.0218393582
HLF	ENSG00000108924	111.8350014225	22.2155393548	201.4544634903	9.0681779215	3.1808126976	0.0014531171	0.0218599987
HSF2	ENSG00000025156	138.1368566876	193.6075302182	82.666183157	0.4269781401	-1.2277658846	0.0015360021	0.0227613154
ZNF32	ENSG00000169740	65.3358032583	93.3936168577	37.277989659	0.3991492236	-1.32499989	0.0017218374	0.0249997119
HOXA1	ENSG00000105991	8.9908603704	2.3590582518	15.6226624891	6.6224148883	2.7273573971	0.0017459422	0.0252009729
ZNF550	ENSG00000251369	267.9738549719	360.3736637605	175.5740461834	0.4871999922	-1.0374139847	0.0017442787	0.0252009729
ARNTL2	ENSG00000029153	15.7036455507	4.7934887057	26.6138023958	5.5520736628	2.4730267092	0.0017865622	0.0256934038
TFAP4	ENSG00000090447	248.4928032956	351.4789002908	145.5067063004	0.4139841856	-1.2723524377	0.001880499	0.0266442871
ZNF629	ENSG00000102870	57.601316277	83.4512806042	31.7513519499	0.3804777077	-1.3941161666	0.0019315887	0.0271353517
ESR2	ENSG00000140009	143.5040877475	91.662093177	195.346082318	2.1311544996	1.0916351861	0.0019855827	0.0277105318
ZNF239	ENSG00000196793	112.2148942007	170.8157100845	53.614078317	0.3138708863	-1.6717568798	0.002020136	0.0281135599
ZNF775	ENSG00000196456	55.8471114874	79.9420110586	31.7522119163	0.3971905572	-1.3320967702	0.0020568611	0.0284118279
ZNF671	ENSG00000083814	62.7057535387	88.7113253681	36.7001817092	0.4137034539	-1.2733310924	0.0021739587	0.0295765687
ZBTB10	ENSG00000205189	640.0226575439	871.8944931459	408.1508219418	0.4681195089	-1.0950512042	0.0021906736	0.0295835327
ZNF250	ENSG00000196150	92.9559584393	150.2659059761	35.6460109026	0.237219552	-2.0757051707	0.0021880391	0.0295835327
ZNF287	ENSG00000141040	13.2032040592	21.9603584716	4.4460496468	0.2024579723	-2.3043056411	0.0022319379	0.0300878532
DEAF1	ENSG00000177030	839.5218554918	1219.2787647814	459.7649462022	0.3770794337	-1.4070596282	0.0025153838	0.0330850875
PATZ1	ENSG00000100105	237.6676469001	324.1917490947	151.1435447056	0.4662165065	-1.1009280105	0.002536066	0.0332315736
CLOCK	ENSG00000134852	242.6747024113	161.3875714846	323.9618333379	2.0073530468	1.0052943756	0.0025926464	0.033742998
IRF3	ENSG00000126456	372.5658386544	505.3604212177	239.771256091	0.4744559448	-1.0756539618	0.0026563547	0.0342423239
FOXD2	ENSG00000186564	13.7796585262	6.0103074283	21.549009624	3.5853423275	1.8421108736	0.0026882497	0.034503847
MZF1	ENSG00000099326	148.4557037861	202.5429982378	94.3684093343	0.4659179046	-1.1018523225	0.0028012084	0.0356458564
THAP2	ENSG00000173451	985.1250633089	1489.9830397398	480.267086878	0.3223305729	-1.6333870609	0.0028319015	0.0358828239
ZNF667	ENSG00000198046	25.3192033923	41.5242531315	9.1141536531	0.2194898876	-2.1877736218	0.0028899013	0.0363782324
ZIK1	ENSG00000171649	65.8750445665	91.9272846121	39.8228045209	0.4331989647	-1.2068982999	0.0031876467	0.0394159673
ZFP62	ENSG00000196670	175.0537222848	244.0724630454	106.0349815242	0.4344405764	-1.202769239	0.0032061809	0.0395464449
ARID3B	ENSG00000179361	442.4713298229	294.4516184715	590.4910411744	2.0053924113	1.0038845681	0.0033593571	0.0409263317
ZNF232	ENSG00000167840	81.5757743534	120.0958167003	43.0557320065	0.3585115051	-1.4799086771	0.0035550605	0.042853904
TCFL5	ENSG00000101190	42.951941623	63.5319520285	22.3719312175	0.3521366888	-1.505792547	0.0039596676	0.0461950862
ZFP90	ENSG00000184939	84.7115593953	115.811674292	53.6114444987	0.4629191731	-1.1111677777	0.0040801904	0.0472108635
ZSCAN22	ENSG00000182318	41.7377001279	24.0610565939	59.414343662	2.4693156525	1.3041112679	0.0043198168	0.0493508356

