HOPX	ENSG00000171476	94.3831611064699	37.6490662641836	139.770436980299	3.71245427441758	1.8923732566266	1.62771107693032e-06	0.000103903570354985
ZNF667	ENSG00000198046	20.5869634252561	41.5242531314628	3.83713166029077	0.0924070000282169	-3.43585404675376	2.14612802573047e-06	0.000130729101829639
SMAD5	ENSG00000113658	55.9013922553334	21.5088037663522	83.4154630465184	3.87820094286281	1.95538755634858	3.38842745379452e-06	0.000194448638014471
ZBTB16	ENSG00000109906	69.0637574918901	29.0110899685481	101.105891510564	3.48507731423314	1.80119066172454	4.42732639695206e-06	0.000245534896410069
ZNF516	ENSG00000101493	157.738746730707	287.909959063896	53.6017768641562	0.186175487080877	-2.42526496288706	4.50025754863405e-06	0.000248651776748505
MYB	ENSG00000118513	171.956941134539	348.021159062217	31.1055667923974	0.0893783782463541	-3.48393032223098	1.04862908138311e-05	0.000501150290565824
CERS6	ENSG00000172292	110.356903782276	180.428051996973	54.2999852105183	0.300950903196745	-1.73239994840727	1.22568730722552e-05	0.000569702599189481
KLF9	ENSG00000119138	1706.40725353252	904.669070563899	2347.79779990741	2.59520069415436	1.37584611055443	2.4124912139379e-05	0.00104235049164997
YBX3	ENSG00000060138	499.669451778522	981.766535625595	113.991784700864	0.11610885130468	-3.10645013778622	3.40748617684921e-05	0.00139519192965592
TOX	ENSG00000198846	243.592615332456	34.5929183433331	410.792372923755	11.875042424772	3.56986076251191	3.75528772033129e-05	0.00151168376326566
ZNF331	ENSG00000130844	975.833359929531	1447.88817783918	598.189505601814	0.41314620476738	-1.27527567990961	4.98248390291574e-05	0.00188914944512848
EGR2	ENSG00000122877	14645.9355965008	8122.63329169139	19864.5774403482	2.44558343667535	1.29017868635811	5.00330325720957e-05	0.00189221619114264
SOX30	ENSG00000039600	14.4033906720002	3.68965763628427	22.9743771005729	6.2266961776187	2.63846688677319	5.13747503593206e-05	0.00193312130276097
TSC22D2	ENSG00000196428	1789.31940045577	997.049494023053	2423.13532560194	2.43030595785641	1.28113795008465	5.49734082677939e-05	0.00203758046654419
ELF4	ENSG00000102034	907.224107057389	534.383644855645	1205.49647681878	2.25586334541438	1.17367967550961	7.52971100840981e-05	0.0026591444509868
PPARG	ENSG00000132170	55.9448479242055	15.9934127177608	87.9059960893613	5.49638764663036	2.45848375745829	7.67454969590341e-05	0.00269661541678989
ZNF229	ENSG00000167383	11.8268890813173	23.6769065324968	2.3468751203737	0.0991208508236747	-3.33466761858124	9.55218614710551e-05	0.00324883621749266
PRDM1	ENSG00000057657	2203.46573024924	1001.71358953381	3164.86744282158	3.15945343648026	1.65967500375676	9.95642096953429e-05	0.00335344483489585
ZFP3	ENSG00000180787	65.061720642066	101.729580037928	35.7274331253764	0.35120004537575	-1.50963506361499	0.000133163772581324	0.00414061328844396
RFX2	ENSG00000087903	85.7818427116548	41.8382168342396	120.936743413587	2.89058073131393	1.53135936608936	0.000139685343111539	0.00429107219359113
MAFF	ENSG00000185022	1240.90077713693	723.999722203348	1654.42162108379	2.2851136130949	1.19226589612529	0.00015122686458916	0.00457776963011952
RUNX2	ENSG00000124813	259.614378288484	140.85155800859	354.624634512399	2.51771893421847	1.33211723665426	0.000155022819154395	0.00466417846374853
CBFB	ENSG00000067955	1003.18248101952	588.582333988688	1334.86259864418	2.26792841300235	1.18137510243337	0.000189935159458113	0.00557719481035054
FOSB	ENSG00000125740	4604.33136040032	2489.0439898173	6296.56125686674	2.52971071729789	1.3389724163103	0.000190246771772033	0.00557719481035054
RUNX3	ENSG00000020633	5202.80625956378	2990.2939524857	6972.81610522625	2.33181627492844	1.22145412228994	0.000192388467231308	0.00559583128856934
KLF3	ENSG00000109787	819.014213661048	492.264266498459	1080.41417139112	2.19478488470481	1.13407954523767	0.000208291149710123	0.00593071141406427
ZSCAN18	ENSG00000121413	71.7538138353074	114.871760923744	37.2594561645583	0.324356968718295	-1.62434565984071	0.000215268915663131	0.00607123698956568
ZNF780B	ENSG00000128000	133.214704215593	198.706249566441	80.8214679349153	0.406738429773903	-1.29782678782233	0.000253864084348724	0.00689795591531095
ESR2	ENSG00000140009	165.263205456864	91.6620931770487	224.144095280716	2.44533031607486	1.29002935809192	0.000271748137862083	0.00726437513137434
SREBF1	ENSG00000072310	481.194427692466	697.911408124502	307.820843346836	0.441060053988863	-1.18095299082044	0.000405961782418641	0.0101579292459398
VDR	ENSG00000111424	459.980673539789	127.064982329407	726.313226508095	5.71607702762026	2.51502535775931	0.000452538275166533	0.011117481626116
RARA	ENSG00000131759	1912.61015679191	1191.83176976835	2489.23286641076	2.08857737270637	1.06252059006625	0.000512129218342617	0.0123367529533652
ZNF711	ENSG00000147180	10.3903864478721	19.5600083767501	3.05468890476969	0.15617012252411	-2.67880962226047	0.000537768341454257	0.012829616146123
ZBTB7B	ENSG00000160685	189.774560460468	114.297054212271	250.156565459026	2.18865278010087	1.1300430956062	0.000569094507529189	0.0134903535333434
TBX21	ENSG00000073861	3348.94090367326	1540.42867144354	4795.75068945703	3.11325722401864	1.63842478030382	0.000780936172782597	0.0171701987219937
TCFL5	ENSG00000101190	39.5993003242082	63.5319520285263	20.4531789607538	0.321935314557471	-1.63515725357203	0.000912187297529619	0.0192309784442308
ETS2	ENSG00000157557	4399.48140486503	2865.188039013	5626.91609754666	1.96389068393746	0.973714627142148	0.000964211930700208	0.0201562333698976
ZNF662	ENSG00000182983	7.65073724232484	15.4695005847296	1.39572656840107	0.0902244103328605	-3.47033838044288	0.00112410733528618	0.022700553429835
ZBED2	ENSG00000177494	735.306446789498	98.6345899033982	1244.64393229838	12.6187368297204	3.65749559469219	0.00115615218413227	0.0231588812840404
KLF10	ENSG00000155090	17831.8275356467	11399.8221893746	22977.4318126644	2.0155956321916	1.01120623509447	0.00116854394169261	0.0232920546900344
ZNF517	ENSG00000197363	38.647600340776	61.7606495147222	20.157161001619	0.326375469817785	-1.61539546558693	0.00124076568821226	0.0244582233738711
KLF8	ENSG00000102349	12.1702278114935	5.04936799136803	17.8669156675939	3.53844593979635	1.82311587804277	0.00135583491744745	0.0262392895547155
SATB1	ENSG00000182568	3198.34235864386	4724.11600110721	1977.72344467317	0.418644132406918	-1.25620369001008	0.00139390910454705	0.0268711686392772
ZNF827	ENSG00000151612	1065.1168759284	692.564095899202	1363.15909995175	1.96827861568808	0.976934452903287	0.00152596757169578	0.0287916652978139
ZBTB46	ENSG00000130584	86.3789320142195	46.9186454160819	117.94716129273	2.51386544191026	1.32990742959767	0.0015517808997918	0.0291213630222293
ARID3B	ENSG00000179361	463.94702361566	294.451618471466	599.543347731016	2.03613534489408	1.0258334626502	0.00161601467392518	0.0300235326231875
ETV1	ENSG00000006468	15.2040669349359	5.54901328046447	22.928109858513	4.1319255694039	2.04681426639585	0.00164741277789901	0.0304299165164753
KLF6	ENSG00000067082	23427.8687559527	15109.2847149976	30082.7359887168	1.99100993568918	0.993500420522878	0.00170846575232666	0.0311218662547265
MZF1	ENSG00000099326	142.449474120797	202.542998237806	94.3746548271899	0.465948740012155	-1.10175684515361	0.00172252789731067	0.0313365142444658
ZMIZ1	ENSG00000108175	442.098566787701	277.884302277499	573.469978395862	2.06370051743041	1.04523362319978	0.00174759449879046	0.0316762158969789
ZNF250	ENSG00000196150	87.7122586872961	150.265905976103	37.6693408562509	0.250684548910526	-1.99605501733183	0.00177947144064956	0.0320585260877266
ZNF443	ENSG00000180855	19.3183238375257	8.74660462585621	27.7756992068612	3.17559789140946	1.6670282434643	0.00185859593153094	0.0330830075812507
ZNF252P	ENSG00000196922	59.7826287907768	90.1010422364245	35.5278980342586	0.394311732166579	-1.34259145853056	0.00191167270558409	0.0338252278846385
LEF1	ENSG00000138795	1644.90215079703	2759.44297353617	753.269492605715	0.272978822113659	-1.87313906468268	0.00194743191095198	0.0341328779392445
EOMES	ENSG00000163508	177.411472138951	28.8086425388653	296.293735819019	10.2848905643261	3.36245453793407	0.00207211096309477	0.0356868890434271
SP140	ENSG00000079263	787.404450350528	514.400576966478	1005.80754905777	1.95530019618021	0.96739012072579	0.00220538592601085	0.0373556805240321
FOXD2	ENSG00000186564	14.4764438887938	6.01030742831212	21.2493530571791	3.53548521612755	1.82190822659419	0.00229094569798463	0.0381302641759749
TFAP4	ENSG00000090447	241.260763512686	351.478900290752	153.086254090233	0.435548916204063	-1.19909333886007	0.00240715440387435	0.039440682522093
MTA3	ENSG00000057935	38.142657844331	58.6850226950029	21.7087659637934	0.369920040358815	-1.434714634536	0.00257186041576689	0.0414593940992878
ETV3	ENSG00000117036	1909.87923413475	1274.79800060545	2417.94422095819	1.89672734018238	0.923512302239619	0.00285200665864126	0.0447617475896358
KDM5B	ENSG00000117139	2008.90954443176	1363.34495279496	2525.3612177412	1.85232740442103	0.889339121809785	0.00296116146643529	0.046133902385354
ID2	ENSG00000115738	1635.58014644936	684.778217460253	2396.22168964064	3.49926681156404	1.80705267116392	1.08881487481532e-08	1.21677108905113e-06
RBPJ	ENSG00000168214	2544.44442405438	1207.49358398914	3614.00509610657	2.99298078600728	1.58158301721857	2.75758470826776e-07	2.11267945974143e-05
BHLHE40	ENSG00000134107	4260.5651853683	1348.62004275802	6590.12129945652	4.88656633485832	2.28882107628288	2.03795551474592e-08	2.1331079447654e-06
ASCL2	ENSG00000183734	20.4586183012081	3.77204496628942	33.807876969143	8.96274494903489	3.16394064276058	2.0961601991448e-08	2.1786873454468e-06
FOXP4	ENSG00000137166	838.270662155392	182.898769756129	1362.5681760748	7.44984877641116	2.89721114077803	2.34350460364471e-18	2.32210059493143e-15
NFATC2	ENSG00000101096	1605.21691257428	681.676222960075	2344.04946426565	3.43865516401169	1.78184444645084	2.95320637387342e-08	2.89974876838792e-06
SOX13	ENSG00000143842	16.7282060350542	2.36272801195766	28.2205884535314	11.9440698678427	3.57822260466329	2.9654969575117e-08	2.89974876838792e-06
ZNF48	ENSG00000180035	297.848325544511	122.173553957275	438.388142814299	3.58824089677874	1.84327674893101	3.08361744927804e-08	2.99554288553069e-06
TSHZ3	ENSG00000121297	271.4229264567	79.0302165216511	425.337094404738	5.3819553219649	2.42813041456673	9.32887479491902e-13	3.01424056688873e-10
NPAS2	ENSG00000170485	64.5142338109162	122.147876384806	18.4073197518044	0.150697010022632	-2.73027730216074	3.53170246411532e-08	3.38656088542877e-06
MSC	ENSG00000178860	123.000226771845	22.6136252016939	203.309508027966	8.99057564696602	3.16841349131654	2.29420677313796e-10	3.87486309876698e-08
MAF	ENSG00000178573	1695.77879024677	192.625154647165	2898.30169872646	15.0463302886652	3.91133975995122	5.86052600761061e-07	4.12819895976856e-05
OVOL1	ENSG00000172818	10.8326584809263	1.5234792592649	18.2800018582553	11.9988518039134	3.58482445271662	5.9100543984804e-07	4.14344993040633e-05
CEBPD	ENSG00000221869	24.1246867276705	3.27228510804516	40.8066080233707	12.4703706052521	3.64043243595025	1.4218901626844e-12	4.22671069759565e-10
PAX2	ENSG00000075891	25.7705885338467	1.62362093195162	45.0881626153628	27.7701289309976	4.79546197019605	2.09501456618199e-11	4.51278282567579e-09
ZBED3	ENSG00000132846	28.4385832039004	57.4309664564638	5.24467660184969	0.0913214059496191	-3.45290311885721	4.52358155029200e-09	5.55652831256115e-07
HIC1	ENSG00000177374	919.443800411339	353.500290044501	1372.19860870481	3.88174676895476	1.95670600494249	7.23516707333064e-08	6.43929869526427e-06
RORC	ENSG00000143365	1298.28211159482	142.508682323099	2222.90085501219	15.5983538600994	3.96332188018125	5.45141559958827e-09	6.64134344726889e-07
HIVEP3	ENSG00000127124	3753.65340919756	1007.32425554122	5950.71673212263	5.90744906556968	2.56253528523732	1.19592076951409e-15	7.40623766553666e-13
E2F7	ENSG00000165891	13.3282006956098	1.12653470161954	23.0895334908019	20.49606945761	4.35727536473009	6.83787291604571e-09	7.87839574815406e-07
ZEB2	ENSG00000169554	1134.93773591772	116.427213652228	1949.74615373012	16.7464812784584	4.06578608744855	2.22082826444046e-25	8.25204262359465e-22
TFEB	ENSG00000112561	103.98086532198	46.7505862789171	149.765088556431	3.20349113191698	1.67964499675873	1.54517183311198e-06	9.94194327079796e-05
