AARS2	ENSG00000124608	201.076673602724	276.68100492506	125.472342280387	0.453490987985866	-1.14085421385195	0.00127558686270858	0.0196263432095627
ABC7-42389800N19.1	ENSG00000226210	132.383304182341	184.550158021664	80.2164503430184	0.434659342494856	-1.20204294089613	0.0012027072338365	0.0187181545722638
ABCA7	ENSG00000064687	490.506447296682	651.983781534268	329.029113059096	0.504658432276973	-0.986620835311833	0.00304802859255113	0.037878636263451
ABHD2	ENSG00000140526	236.773815680678	122.976165354545	350.57146600681	2.850726927418	1.51132984940281	0.00390997237162794	0.0458673396681184
AC000078.5	ENSG00000232926	16.8020327588976	30.3403754601023	3.263690057693	0.107569204671998	-3.21666297820038	7.12004540349206e-05	0.00193111742394348
AC002398.5	ENSG00000225872	227.84032791237	37.0808238565033	418.599831968236	11.2888492873877	3.49682652944932	0.00217642195121769	0.029576568694535
AC005264.2	ENSG00000267551	58.9505774297636	13.753064169061	104.148090690466	7.57271902539063	2.92081140062385	0.000106184581396456	0.00267495158185683
AC016757.3	ENSG00000186235	19.9911145226508	36.2365978651197	3.745631180182	0.103365972548638	-3.27416675753931	0.000836846821622323	0.0142977455696409
AC074289.1	ENSG00000225889	81.7621816580699	147.935539395456	15.5888239206833	0.105375787213725	-3.24638468597295	0.000153488029616899	0.00363263150349677
AC079807.2	ENSG00000233230	96.7295682560452	61.1921904346705	132.26694607742	2.16150043229176	1.1120331247673	0.00267246490067344	0.0343605932687797
AC098614.2	ENSG00000213846	8.74829022585794	0.284946337021637	17.2116341146942	60.4030720120727	5.9165500196675	3.46395755864714e-06	0.00015091412300204
AC112721.2	ENSG00000222032	31.3667869188742	3.88181515234164	58.8517586854067	15.1608864347663	3.9222822031229	0.000183971582296143	0.00423570114736141
ACE	ENSG00000159640	13.1308787329502	2.95221842836123	23.3095390375391	7.89560108886599	2.981049102047	1.88685386132889e-05	0.00063020918968385
ACSL1	ENSG00000151726	853.863062240255	592.212691251187	1115.51343322932	1.88363648687187	0.913520573661778	0.00304205772378815	0.0378360702499275
ACSL6	ENSG00000164398	206.786614489352	52.0953994109029	361.477829567802	6.93876683268407	2.79467928781037	0.00150359342840547	0.0223702794057963
ACSS2	ENSG00000131069	39.6208894604595	65.3590775487376	13.8827013721813	0.212406629543221	-2.23509929927323	7.67267456915984e-06	0.000295437725703168
ACTN1	ENSG00000072110	309.8884747121	420.775647464456	199.001301959743	0.472939209193548	-1.08027334098724	0.00436348077102936	0.0496968695017696
ADAM17	ENSG00000151694	1750.99429034997	1076.1568434609	2425.83173723904	2.25416188353885	1.17259112695304	0.000354672289071712	0.00721134641925151
ADD2	ENSG00000075340	19.9128084543644	38.2223733202534	1.60324358847553	0.0419451606273231	-4.5753518187211	0.00113141407581672	0.018004504720411
AKAP11	ENSG00000023516	1207.1243317312	750.568308084892	1663.68035537751	2.21656088787237	1.14832299319346	0.000355961502670735	0.00722767187731576
ALG1	ENSG00000033011	150.822942874439	204.8266103606	96.8192753882776	0.472688950023759	-1.08103695545472	0.00301376048486935	0.0375504299241278
ALOX5	ENSG00000012779	27.6903007265568	4.48354675157499	50.8970547015387	11.3519625246819	3.50486982675357	0.00300473610454653	0.0375504299241278
AMIGO1	ENSG00000181754	20.8731716837464	32.4365452819069	9.30979808558599	0.287015710356152	-1.80079838714115	0.00234862212063108	0.0314482617828286
ANKIB1	ENSG00000001629	442.152267900246	587.971808790021	296.33272701047	0.503991386288211	-0.988529018038114	0.00301656552038005	0.0375504299241278
ANKRD16	ENSG00000134461	31.4453786092256	46.7207186539299	16.1700385645214	0.346099953733508	-1.53073934624284	0.00321838768968967	0.0396041525398744
ANKRD28	ENSG00000206560	2648.96728465141	711.137226735799	4586.79734256702	6.44994688805836	2.68928728074515	0.00367284926609053	0.0437416335271663
ANKS6	ENSG00000165138	173.800789190813	272.010760365906	75.5908180157194	0.277896425545943	-1.84738081695309	0.00381338709643509	0.0450543500908703
ANKZF1	ENSG00000163516	72.3412577792885	111.829655941959	32.8528596166184	0.293775916056377	-1.76721196723766	3.10998670404319e-05	0.000973131208046187
ANO6	ENSG00000177119	319.616348300898	177.108754435708	462.123942166088	2.60926651332666	1.38364431012606	0.00100226749664729	0.0164422757203848
ANTXR2	ENSG00000163297	2529.36243224661	1356.0320596638	3702.69280482942	2.73053485604716	1.44918357333861	0.00296390883057931	0.0372380193989013
APOBEC3F	ENSG00000128394	53.0032761860205	24.2681728399672	81.7383795320738	3.36813076415291	1.75194815061712	0.00156760927679867	0.0232065504791421
ARHGAP33	ENSG00000004777	443.8399395623	89.1127966702871	798.567082454313	8.96130648226618	3.16370908028308	0.00219031784627285	0.0295835326683826
ARHGDIB	ENSG00000111348	2058.47839492944	3040.19092822422	1076.76586163467	0.354177052381249	-1.49745735396708	3.59729763069403e-06	0.000155426263619202
ASAP1	ENSG00000153317	2453.32263101218	1669.1596004241	3237.48566160027	1.93959023497675	0.955751895500787	0.00244304541840895	0.0323916004048281
ASB8	ENSG00000177981	76.9475715074173	106.506887168312	47.3882558465229	0.444931375861504	-1.16834525619897	0.00328084212231656	0.0401342851555482
ASTL	ENSG00000188886	860.865591465096	427.838478367493	1293.8927045627	3.02425511024585	1.5965798428536	0.000769435883118516	0.0133755854161292
ATP2B1	ENSG00000070961	1380.96938427654	828.01881524773	1933.91995330535	2.33559904399848	1.22379262572285	0.000138786480273679	0.00334867444205795
ATP8A1	ENSG00000124406	171.287934883288	253.255463514649	89.3204062519283	0.352688960831686	-1.503531674787	0.000182830158258702	0.0042261347468104
B4GALNT3	ENSG00000139044	23.4225576704081	10.0026953988665	36.8424199419497	3.68324921161997	1.88097901445316	0.000654241458429614	0.0116874889382685
BAI2	ENSG00000121753	19.1241094078288	2.51157839758878	35.7366404180688	14.2287576817739	3.83073779999952	7.20417609205249e-05	0.00194683035011229
BAIAP2	ENSG00000175866	539.254165789413	318.740985682012	759.767345896813	2.38365124043001	1.25317316595557	0.00111282471067755	0.017765750456284
BBS2	ENSG00000125124	46.4555274261937	68.0495458446005	24.8615090077869	0.365344231165939	-1.45267166771132	0.00178745741509332	0.0256934038303018
BCL2	ENSG00000171791	1708.6953448729	2233.18764300845	1184.20304673735	0.530274762376012	-0.915188007659697	0.00395143381875431	0.0461715101007431
BCORP1	ENSG00000215580	23.7658941237655	37.4866773432941	10.0451109042368	0.267964824202638	-1.89988446464877	0.00109915524257479	0.0175853007216245
BMPR2	ENSG00000204217	118.761992960575	56.2583255212602	181.26566039989	3.22202373995985	1.68796712390053	5.35181799343878e-06	0.000217928961195837
C10orf105	ENSG00000214688	41.4622843989494	14.9850944988138	67.9394742990849	4.53380352752949	2.18072187321358	4.34669985045879e-05	0.00126676470347782
C10orf54	ENSG00000107738	12374.6841678852	8196.0223680978	16553.3459676727	2.01968042841183	1.01412703514599	0.00119707629387046	0.0186696169525674
C10orf67	ENSG00000179133	44.4969927520821	8.6716780170991	80.3223074870652	9.26260261608919	3.21141762045792	0.00217700101943223	0.029576568694535
C16orf58	ENSG00000140688	153.500217349917	210.082624468299	96.9178102315348	0.461331871099884	-1.11612313049281	0.00195025864524006	0.0273201642263931
C17orf107	ENSG00000205710	68.321093929186	97.8873122909506	38.7548755674214	0.3959131644378	-1.3367440559271	0.00169871096261402	0.0247528833699335
C19orf24	ENSG00000228300	347.048629683895	459.967320033998	234.129939333792	0.509014291094608	-0.974221932885241	0.00420335761233129	0.0482428603799845
C1orf123	ENSG00000162384	109.102915308734	150.304751957561	67.9010786599069	0.451756034161043	-1.14638422341326	0.00229317264406367	0.0307520345152155
C1orf35	ENSG00000143793	108.970796526958	150.390108800143	67.5514842537738	0.449175047433103	-1.1546503095006	0.00308491417477848	0.0382411004001105
C22orf29	ENSG00000215012	159.913329951452	227.925351814437	91.9013080884678	0.403207924686186	-1.3104041009079	0.00101222196250889	0.0165690033356494
C2CD4C	ENSG00000183186	27.276108662828	7.79713339414831	46.7550839315078	5.9964453047061	2.58410752388557	0.00030371751680094	0.00635796260874983
C2orf88	ENSG00000187699	10.4151939041707	4.0816529043744	16.7487349039669	4.10341969206077	2.0368267186198	0.00419188040304744	0.0482058767109288
C3orf52	ENSG00000114529	107.914948289258	56.5017848873951	159.328111691122	2.81987749605881	1.49563248898316	5.79530495981241e-05	0.00162437569754785
C4orf27	ENSG00000056050	14.4814597844533	23.1069128380085	5.85600673089806	0.253430943889031	-1.98033540675547	0.00290192149331898	0.0364900669671743
C9orf69	ENSG00000238227	310.210797644233	437.981763491378	182.439831797088	0.416546639619801	-1.2634500555244	0.000233708748648797	0.00509327438587547
CA6	ENSG00000131686	11.3756122501196	21.3839765364691	1.36724796376999	0.0639379659549396	-3.9671833410801	0.000179492573709566	0.00415970115434079
CACNB3	ENSG00000167535	47.5972464484664	25.1465055000469	70.0479873968859	2.78559529461281	1.47798567112416	0.000902515563661443	0.0151743086229638
CADM1	ENSG00000182985	43.3725466597808	14.5441816278086	72.2009116917529	4.96424711540345	2.31157493321475	8.25736073055543e-05	0.00218768542848922
CAMK2N1	ENSG00000162545	113.355586618828	54.3739474615207	172.337225776135	3.16948159590757	1.6642468907831	9.38905654048552e-06	0.000350627003420192
CAMKK1	ENSG00000004660	166.38069901902	263.296463716046	69.4649343219944	0.263827828682535	-1.92233134612511	0.00369839025467351	0.0439345882500467
CAPG	ENSG00000042493	54.352098859264	14.2380706967888	94.4661270217391	6.63475614312301	2.73004344109323	9.97808838257969e-05	0.00256764242532884
CBFB	ENSG00000067955	978.416288585704	588.582333988688	1368.25024318272	2.32465394248312	1.21701596670573	0.000134410748533168	0.00327499500893192
CCDC154	ENSG00000197599	35.8405463890423	52.1308471378181	19.5502456402665	0.375022596287023	-1.41495056976125	0.00398886061370852	0.0464627235905563
CCDC64	ENSG00000135127	5156.67598926774	6862.04279322085	3451.30918531462	0.502956523198054	-0.991494399583165	0.00289058012877259	0.036378232391149
CCDC66	ENSG00000180376	211.088062376163	285.324750177551	136.851374574776	0.479633731352139	-1.05999497169985	0.00185357608142756	0.0263633505246486
CCL3L1	ENSG00000205021	138.030000852119	26.2040664982097	249.855935206029	9.5350061496409	3.25323386901035	0.00028330545209086	0.00601538419203779
CCL4	ENSG00000129277	1094.86017029321	349.051234606206	1840.66910598021	5.27334936390306	2.39871957966369	5.26119756642751e-05	0.00149803025727609
CCL4L2	ENSG00000197262	72.8849838661414	15.2347792612726	130.53518847101	8.56823628569633	3.09899826574433	1.00619334766578e-06	5.4202949468345e-05
CCZ1B	ENSG00000146574	80.168072904973	114.956959392032	45.3791864179144	0.394749362351871	-1.34099115921993	0.000599309736192334	0.0108894139474653
CD38	ENSG00000004468	26.4503723404931	47.8382504547904	5.06249422619589	0.105825237713913	-3.24024436551949	0.00188572438382104	0.026692877634983
CD40LG	ENSG00000102245	21625.0737759706	14781.1993446674	28468.9482072739	1.92602423818501	0.945625858990972	0.00170095148594023	0.0247612555685892
CD84	ENSG00000066294	2611.69514049261	983.571263790901	4239.81901719432	4.31063734096208	2.10790119197502	0.00161301690064062	0.0237134225462131
CDCA7L	ENSG00000164649	72.8924689140426	117.63038936723	28.1545484608555	0.239347575165801	-2.0628209047227	9.25457000533677e-06	0.000346475249343376
CDH1	ENSG00000039068	54.1926730216197	3.75328486777868	104.632061175461	27.8774633051995	4.80102738480571	0.000944829957220453	0.0156694997582338
CDK6	ENSG00000105810	2662.58030892845	1653.87855289423	3671.28206496267	2.21980148333024	1.15043066224163	0.000205544836736613	0.00460568292214161
CECR5	ENSG00000069998	453.094312302186	653.830433821337	252.358190783035	0.385968865517804	-1.37344361883098	0.000922025949400169	0.0153978333549828
CEP128	ENSG00000100629	54.1635220924539	29.8516117683272	78.4754324165806	2.62885076442819	1.39443224483522	0.00108099694149685	0.0173915999521291
CEP170B	ENSG00000099814	1094.41657458319	670.486298517826	1518.34685064855	2.26454567976258	1.17922164130998	0.000184817023386562	0.00423570114736141
CERS6	ENSG00000172292	115.32993141799	180.428051996973	50.2318108390073	0.278403553566327	-1.8447504689026	1.5791532711545e-05	0.000537092793344836
CHI3L2	ENSG00000064886	32.6819526734734	58.2245147066669	7.13939064027991	0.122618293621646	-3.02775386179351	0.00204994582287644	0.028369036094425
CHN2	ENSG00000106069	7.37485569696698	2.09620775743972	12.6535036364942	6.03637859443333	2.59368329280673	0.00321667095412267	0.0396041525398744
CHSY1	ENSG00000131873	7689.47568299508	5294.65524996311	10084.2961160271	1.90461807992075	0.929501732918485	0.00218189501632938	0.0295835326683826
CISD1	ENSG00000122873	80.7681049812024	120.220720563666	41.3154893987388	0.343663631402534	-1.54093090995456	0.0001234937153026	0.00304934041783087
CIZ1	ENSG00000148337	520.470433127575	703.967754558937	336.973111696213	0.478676913131256	-1.06287586918115	0.00341282862786528	0.0413068989380795
CLEC2D	ENSG00000069493	1457.96919582467	2079.22999746899	836.708394180347	0.402412621594945	-1.31325253918013	2.61985056020342e-05	0.000844660279312439
CLECL1	ENSG00000184293	73.8306358295724	37.506165784141	110.155105875004	2.93698658799139	1.5543366774835	0.00388236055144606	0.0456515228450496
CLU	ENSG00000120885	111.720665682672	40.1919087427	183.249422622644	4.55936103447505	2.18883165399844	0.00331243775098501	0.0404542007336813
CNNM1	ENSG00000119946	33.7068322377743	62.0093319439654	5.40433253158321	0.0871535358011409	-3.52029699439341	0.00359476256894989	0.0432273107300179
COG4	ENSG00000103051	43.784809797666	66.6282124219327	20.9414071733994	0.314302401523021	-1.66977479935866	0.00297690148301665	0.0373089017110805
COLGALT2	ENSG00000198756	6.34182401160253	1.76556405920095	10.9180839640041	6.18390701096698	2.62851862524183	0.0024375443622928	0.0323475195149624
CPSF1	ENSG00000071894	961.331914963734	1303.207778398	619.456051529463	0.475331763512755	-1.07299328354546	0.000886176230990273	0.0149503261307701
CR1	ENSG00000203710	22.3707014006978	5.37083247739002	39.3705703240056	7.33044094928426	2.87389998365403	0.0014642359110074	0.0219827660053566
CRIM1	ENSG00000150938	1308.3145820696	531.382868827559	2085.24629531165	3.92418803397356	1.97239417233742	7.30691944045652e-10	8.61926536853216e-08
CRTAP	ENSG00000170275	247.786134133476	157.28105465312	338.291213613833	2.15087070950744	1.10492080585885	0.000868209622431676	0.0146972660799567
CRYBG3	ENSG00000233280	148.684250839351	89.4338646102768	207.934637068426	2.32501008398257	1.21723697345942	0.000550251905299788	0.0102872881364412
CST6	ENSG00000175315	5.79768228667357	1.20023903163432	10.3951255417128	8.66087943128974	3.11451352457595	0.00174811297226481	0.0252009729454625
CTA-373H7.7	ENSG00000206028	4.80930703455182	0.483835583865069	9.13477848523857	18.8799228288799	4.23878096262632	0.00439197571603613	0.0498304847843092
CTD-2047H16.4	ENSG00000263069	14.8321635063976	3.59736502754642	26.0669619852489	7.24612648025542	2.85720998807725	0.00238231555741624	0.0317848798293336
CTD-2369P2.2	ENSG00000175898	295.162110551772	192.702076069708	397.622145033837	2.06340353536203	1.04502599356285	0.00136718777122466	0.0207352161670532
CTD-2575K13.6	ENSG00000268041	161.883871272065	76.4159500758618	247.351792468268	3.23691313426988	1.69461864993399	0.00090471235825204	0.0151940562493786
CTU2	ENSG00000174177	886.555779976046	1232.37913151798	540.732428434113	0.43877116595448	-1.18845937338803	0.000264614073310815	0.00569169171001251
CUL9	ENSG00000112659	330.43821612565	440.401507745473	220.474924505827	0.500622546990118	-0.9982048264374	0.00287235098820923	0.0362101380303255
CXCR3	ENSG00000186810	1582.53004205177	585.771783999136	2579.2883001044	4.40323069591246	2.13856243253962	2.48296954033594e-10	3.18141174810457e-08
CXorf21	ENSG00000120280	9.91490725128728	16.3484202873769	3.48139421519769	0.212949884698388	-2.23141414614543	0.00209699636515597	0.0287789999772052
CXorf40A	ENSG00000197620	81.9698943180087	113.34679073036	50.5929979056577	0.44635580398578	-1.16373390940286	0.0035116362051236	0.0423992273897255
CXXC5	ENSG00000171604	12.42044449879	4.43116827845754	20.4097207191224	4.60594575438396	2.20349742017503	0.00159566065477808	0.0234814894177887
CYP27B1	ENSG00000111012	311.639821278234	214.871364002544	408.408278553925	1.90071059701138	0.926538883359013	0.00405528179693316	0.0470771055106007
CYP4F22	ENSG00000171954	7.04199067426495	0.46457556531987	13.61940578321	29.3158030681893	4.87360667291205	4.40226623562214e-05	0.00128044780939436
DAGLA	ENSG00000134780	19.543226357364	3.47841562927741	35.6080370854505	10.2368551893977	3.35570067551009	0.00149469292340328	0.02231211615169
DEAF1	ENSG00000177030	839.521855491829	1219.27876478143	459.764946202226	0.377079433745936	-1.40705962815711	0.00251538376239953	0.0330850874872072
DEGS1	ENSG00000143753	1309.44070112174	891.801407180639	1727.07999506284	1.93661949976382	0.95354052610031	0.00298922629892814	0.0374295454768062
DNAJA3	ENSG00000103423	888.11858672192	1181.85740297044	594.379770473401	0.502920038390002	-0.991599057458051	0.00219144650931099	0.0295835326683826
DNAJA4	ENSG00000140403	785.134232807254	1087.27792483936	482.990540775153	0.444219945738818	-1.17065392268584	0.000219872210857269	0.00482712063511313
DNASE1	ENSG00000213918	175.184192319988	235.305779538123	115.062605101853	0.488991835762416	-1.03211771683338	0.00360001796192845	0.0432555108877466
DPY19L1	ENSG00000173852	53.763927840802	30.8227256164287	76.7051300651753	2.48859010782262	1.31532862561461	0.00186309903602785	0.0264239689794382
DUSP14	ENSG00000161326	462.039920631722	318.884603229626	605.195238033818	1.89785029413296	0.924366194450598	0.00390208976023069	0.0458110269402123
DUSP18	ENSG00000167065	134.819928772364	82.1749912162008	187.464866328527	2.28128854720909	1.18984893647894	0.000756687523639599	0.0131848143773216
DYRK2	ENSG00000127334	369.459173805115	229.402876260151	509.515471350079	2.22105092863906	1.15124247422331	0.00037272869045771	0.00752699256287085
EDARADD	ENSG00000186197	123.217245866911	12.2554956696808	234.178996064141	19.10808035643	4.25611094387948	2.09306648745113e-06	9.84469848195763e-05
ELAC2	ENSG00000006744	532.166767398338	779.377152071986	284.956382724689	0.365620652295398	-1.45158053072047	1.3265693310239e-05	0.000461751755667639
EMC9	ENSG00000100908	34.7166743195264	51.1796241206346	18.2537245184182	0.356659995692674	-1.4873786880324	0.00261993942616911	0.033914414506321
ENTPD6	ENSG00000197586	249.20038982041	345.37227446962	153.0285051712	0.443082773237089	-1.17435185799478	0.00337817378666983	0.0410653293160127
EPHB6	ENSG00000106123	269.640361234209	413.68697539703	125.593747071388	0.303596087236856	-1.71977489754756	0.00404874544662917	0.0470496509564107
ESPL1	ENSG00000135476	240.526027381238	335.974419888945	145.07763487353	0.431811549586082	-1.21152626350534	0.00186317159997653	0.0264239689794382
ESR2	ENSG00000140009	143.50408774752	91.6620931770487	195.346082317991	2.13115449961058	1.09163518614845	0.00198558274749825	0.0277105318085132
ETV1	ENSG00000006468	20.6178519704619	5.54901328046447	35.6866906604594	6.43117773498503	2.68508296101116	8.17817987152424e-05	0.00217445952469526
ETV3	ENSG00000117036	2468.60365222465	1274.79800060545	3662.40930384385	2.8729330467293	1.5225243714722	2.94045325131011e-06	0.000132036122882847
EZH2	ENSG00000106462	1140.9414107889	1517.03820559311	764.844615984686	0.504169646594799	-0.988018831164006	0.00191856765306588	0.0270034763518165
F10	ENSG00000126218	21.532747623015	8.88850383384206	34.176991412188	3.84507809762794	1.94301290115623	0.000207658435247807	0.00462732732097174
FADS3	ENSG00000221968	76.3950023620941	39.9633885742394	112.826616149949	2.82324948347042	1.49735662176036	0.000249027078887025	0.00539546570480736
FAIM3	ENSG00000162894	1061.40848405983	1586.91474910714	535.902219012519	0.33770069836079	-1.56618293206372	0.00319775763173298	0.0394753087046904
FAM110C	ENSG00000184731	191.077407425624	73.0153974365922	309.139417414656	4.2338935110655	2.08198498380235	0.00262783555038848	0.0339262660425671
FAM115C	ENSG00000170379	192.018339362026	274.807441704521	109.229237019531	0.397475542663711	-1.33106200320311	0.000652668045000701	0.0116734117362761
FAM117B	ENSG00000138439	118.295663527466	172.157977776579	64.4333492783518	0.374268739157538	-1.41785354289803	0.00143946377709044	0.021698529532348
FAM168A	ENSG00000054965	323.078265800282	216.10575476874	430.050776831823	1.99000150316233	0.992769520519689	0.00362486209283468	0.0433505705335542
FAM216A	ENSG00000204856	83.5210943731701	129.030049131342	38.0121396149979	0.294599125327036	-1.76317494790879	0.00385195106358305	0.0454017039318278
FAM220A	ENSG00000178397	74.3925604230112	108.172016829199	40.6131040168229	0.375449263194841	-1.41331013437233	0.000602750535098469	0.0109385606876295
FAM78A	ENSG00000126882	294.904062826478	150.492382131938	439.315743521019	2.91918924597703	1.54556774128983	0.000214374592849239	0.00472737325447811
FAM86B3P	ENSG00000173295	14.4313273075713	24.8711874590644	3.99146715607816	0.160485588500659	-2.63948434478047	0.00227803114779155	0.0306133607139474
FBXL4	ENSG00000112234	60.411623615833	87.0792518028785	33.7439954287874	0.387509018855304	-1.36769820693557	0.00396548938389007	0.046226720559026
FBXO38	ENSG00000145868	270.072600876926	362.251833152238	177.893368601613	0.491076517277009	-1.02598025874796	0.00208498551352536	0.0287049340226555
FBXO4	ENSG00000151876	18.7826348840567	29.0058602058177	8.55940956229579	0.295092422757352	-1.76076121847779	0.00200040129456814	0.0278911486314881
FCRL3	ENSG00000160856	93.3108299223008	158.730367578424	27.8912922661777	0.175714910081069	-2.50869148016396	0.00337905522125301	0.0410653293160127
FGFR3	ENSG00000068078	36.64618745669	21.1189866299417	52.1733882834382	2.4704494205924	1.30477351868463	0.00436339683608912	0.0496968695017696
FMNL3	ENSG00000161791	679.664582863448	393.24581982986	966.083345897037	2.45669069366082	1.29671622855406	7.62123486657896e-05	0.002052072714166
FNDC3B	ENSG00000075420	1153.21966975698	737.895870248926	1568.54346926503	2.12569758485827	1.08793636457425	0.000695818655143886	0.012311371961686
FOXD2	ENSG00000186564	13.7796585261619	6.01030742831212	21.5490096240118	3.58534232749944	1.84211087362943	0.00268824966803077	0.0345038469913138
FOXD2-AS1	ENSG00000237424	19.8681903574609	9.60706466629849	30.1293160486233	3.13616251114836	1.64900031964228	0.00261479756488216	0.0338829435107616
FOXJ2	ENSG00000065970	985.576788794303	1347.66602931109	623.487548277518	0.462642475744705	-1.11203036731991	0.000996780611810213	0.0163884405236009
FOXP1-AS1	ENSG00000244203	10.0258947826008	17.7363205544701	2.31546901073149	0.130549569377732	-2.93733039600823	0.000724960417029449	0.0127214718752169
FRA10AC1	ENSG00000148690	68.0657637012297	97.0519653606726	39.0795620417867	0.402666364318909	-1.31234312932582	0.00116678484210189	0.0184488543703834
FST	ENSG00000134363	32.6141170714841	10.3844856679121	54.8437484750561	5.28131582332697	2.40089741732751	0.000308227340299354	0.00643424572874902
FYB	ENSG00000082074	472.380341633673	747.652132893493	197.108550373854	0.263636712452117	-1.92337680957685	0.00103130688616601	0.0168258114699071
GABBR1	ENSG00000204681	264.59833138023	155.013310134323	374.183352626137	2.41387886176934	1.27135327762161	0.000198292475486083	0.00448587680844697
GAREML	ENSG00000157833	63.5405250074059	88.7596337032602	38.3214163115517	0.43174374107567	-1.21175283151543	0.00387553337912614	0.045607325901783
GATA3	ENSG00000107485	987.469202338649	641.615751258241	1333.32265341906	2.07807032605472	1.05524447875299	0.000961249236499056	0.0158392986719351
GATA3-AS1	ENSG00000197308	10.690694472581	1.12653470161954	20.2548542435425	17.9797872310756	4.16830404329877	0.000206067358085459	0.00460568292214161
GBA2	ENSG00000070610	162.032304257243	97.3183318957463	226.746276618739	2.32994413489993	1.22029536377696	0.000856293973326205	0.0145785765470188
GCK	ENSG00000106633	83.3126884075258	126.681977899507	39.9433989155449	0.315304509590393	-1.66518229081229	4.52844704549752e-05	0.00131201380969259
GIMAP1	ENSG00000213203	29.1648967283521	44.0206108570136	14.3091825996907	0.325056429729458	-1.62123790344171	0.00122071681288588	0.0189587398013823
GLIPR2	ENSG00000122694	100.645602641617	57.3220868905573	143.969118392677	2.51158194340606	1.32859634545251	0.00047626122473782	0.00911025815093722
GLOD4	ENSG00000167699	356.577492952242	482.133270797349	231.021715107135	0.479165677002694	-1.0614035243889	0.00159051097437326	0.0234439330014447
GLUL	ENSG00000135821	1825.77141651531	1203.90789855842	2447.63493447219	2.03307490332361	1.02366336848459	0.00111827286938278	0.0178335725940303
GNAO1	ENSG00000087258	36.7105852709069	8.98604638576723	64.4351241560466	7.17057551117294	2.84208891443552	7.24311594584325e-09	7.0362374054293e-07
GOLGA8I	ENSG00000153666	13.9910176912315	24.6438456500827	3.33818973238037	0.135457338102959	-2.884089544404	0.00323476076770445	0.0397669555751788
GPR137B	ENSG00000077585	274.841721204173	180.685277484542	368.998164923804	2.042214894655	1.03013468362071	0.0029682256701803	0.0372607585607177
GPR63	ENSG00000112218	21.4177009421294	9.6571035275108	33.178298356748	3.43563660286243	1.78057744655376	0.00106634456577823	0.0172647922452743
GPRC5A	ENSG00000013588	6.48299121929049	11.8181837501319	1.14779868844905	0.0971214116074512	-3.36406679923272	0.000836582377573223	0.0142977455696409
GRINA	ENSG00000178719	129.24414852861	194.071105731984	64.4171913252367	0.331925719092868	-1.59106767466014	0.00164549626028251	0.0241422067354606
GRPEL2	ENSG00000164284	140.071040107811	194.889328972626	85.2527512429958	0.437441863504852	-1.1928368009285	0.000939844147169818	0.0156251717666499
GSE1	ENSG00000131149	530.936910554832	218.433243249379	843.440577860286	3.86131966596931	1.94909399520656	0.00167424623718401	0.0244443239914204
GTF3C2	ENSG00000115207	359.501164828785	497.359490022964	221.642839634605	0.445639108292418	-1.16605224896043	0.000573058850732101	0.0106201667062733
GZMB	ENSG00000100453	1541.37769873279	221.120835922981	2861.6345615426	12.9414966689948	3.69393256786502	0.00183597792994975	0.0262157020740792
HAUS5	ENSG00000249115	144.128653377636	208.972996514354	79.2843102409184	0.379399786400022	-1.39820922836706	0.000194116660169433	0.00441830921913978
HCFC2	ENSG00000111727	97.7200452942015	136.943010690261	58.4970798981415	0.427163676359143	-1.22713912146803	0.00135811417691068	0.0206608505746401
HDDC2	ENSG00000111906	226.668651424351	306.997851664488	146.339451184215	0.476679072478158	-1.06890980636823	0.00192703401044862	0.0270969787107832
HECTD2	ENSG00000165338	184.564317317067	50.3488492606352	318.779785373499	6.33142147347416	2.66252943685843	0.000141671305541401	0.0034079876334526
HEG1	ENSG00000173706	1339.0449405647	843.598691384955	1834.49118974445	2.17460174900547	1.12075121367729	0.00317403814470748	0.0392803738091485
HIST2H2AA3	ENSG00000183558	54.6547271469328	28.193990669232	81.1154636246336	2.87704797012487	1.52458927588579	0.00190788604711359	0.026904089486005
HMHA1	ENSG00000180448	1400.96394101086	1897.16276027637	904.765121745352	0.476904322965707	-1.06822823458554	0.000847759218982801	0.0144607797146414
HOXA1	ENSG00000105991	8.99086037041971	2.35905825178461	15.6226624890548	6.62241488832943	2.72735739711145	0.00174594221388883	0.0252009729454625
HSF2	ENSG00000025156	138.136856687602	193.607530218235	82.6661831569689	0.426978140074342	-1.22776588455829	0.00153600210697917	0.0227613153699216
HSF4	ENSG00000102878	77.5014664449836	30.2838349397198	124.719097950247	4.11833898178687	2.04206258354362	0.00074882196747085	0.0130784264424433
HSPH1	ENSG00000120694	4530.32474073461	2725.24608416306	6335.40339730615	2.32470874249574	1.2170499755417	0.000168527988878846	0.00395707977678719
IFFO2	ENSG00000169991	1392.90216119611	899.571448906542	1886.23287348569	2.09681273875295	1.0681980236015	0.00120048164479205	0.0187031013485789
IFITM5	ENSG00000206013	1127.26886442335	762.943879434194	1491.59384941251	1.95505054777907	0.967205908856131	0.00254243829927404	0.033231573601943
IGF2	ENSG00000167244	473.283643389273	103.946575112208	842.620711666338	8.1062864337449	3.01904115357898	8.27310536164231e-07	4.58817779813767e-05
IGF2-AS	ENSG00000099869	29.2406316028384	4.76291597848276	53.718347227194	11.2784578753594	3.4954979137175	3.84644416216008e-05	0.00114568536236844
IGHEP2	ENSG00000254017	36.5515996412372	18.9201860105765	54.183013271898	2.86376747256128	1.51791435579991	0.00059750347854676	0.010883203678481
IL11	ENSG00000095752	32.9929476389437	12.1862168209219	53.7996784569655	4.41479740985729	2.14234723572194	0.000875656852346453	0.0148064707581631
IL17RA	ENSG00000177663	1985.76332115685	1028.41145273405	2943.11518957965	2.86180709263332	1.51692642682313	1.81402226302988e-05	0.000607248038184979
IL4	ENSG00000113520	1445.95372295628	90.0177707300277	2801.88967518253	31.1259616013562	4.96004650318706	3.25054682885653e-06	0.000143788325944329
IL5	ENSG00000113525	1703.22439730953	30.8093947643772	3375.63939985469	109.565261689519	6.77564664562489	0.00330507568391129	0.0403974834621493
INF2	ENSG00000203485	1220.15211805963	462.114562827959	1978.18967329129	4.28073432956873	2.09785830194291	0.000558724877077309	0.0104064258746868
ING2	ENSG00000168556	63.6912692241585	37.7765485150704	89.6059899332466	2.37200044618951	1.24610428126475	0.00262955382365856	0.0339262660425671
INPP5A	ENSG00000068383	114.144178605492	168.984180047358	59.3041771636269	0.350945142598596	-1.51068255918987	0.0015104647015665	0.0224500368593829
IRF3	ENSG00000126456	372.565838654354	505.360421217724	239.771256090984	0.47445594475568	-1.07565396176794	0.00265635466787962	0.034242323875711
ITGA6	ENSG00000091409	620.264652383235	352.565749414789	887.96355535168	2.51857577437847	1.3326081368629	0.00271293091210205	0.0346709304785664
ITGAM	ENSG00000169896	63.8028988947918	10.4205851036508	117.185212685933	11.2455501797953	3.49128234046244	0.000190020458403816	0.00433836263172951
ITPRIPL1	ENSG00000198885	269.550494272075	75.1300346854272	463.970953858722	6.17557220359859	2.62657281719099	0.00272904964959402	0.0347871912023292
KAT2A	ENSG00000108773	336.629900017343	499.993572560434	173.266227474252	0.346536909638592	-1.52891907292411	0.00340550922346429	0.0412519018649958
KB-1732A1.1	ENSG00000253669	108.30964272441	41.6522521921103	174.96703325671	4.20066200621565	2.07061670832537	0.00421995526785831	0.048395983909088
KIAA0040	ENSG00000235750	209.725251289658	136.670239655152	282.780262924164	2.06906978167067	1.04898230250703	0.00334996707945543	0.0408454148498327
KIF21A	ENSG00000139116	1251.19657777001	730.365513178616	1772.0276423614	2.42622031077204	1.27871055904342	8.11139905093108e-05	0.0021644474702691
KIFC3	ENSG00000140859	56.6483120085148	17.2031857246114	96.0934382924182	5.58579322636412	2.48176216924615	2.1664664415933e-05	0.0007139731867273
KIRREL2	ENSG00000126259	2107.78847459138	1195.05453140847	3020.5224177743	2.5275184842104	1.33772164286268	3.34923390716325e-05	0.00104141555569388
KLF10	ENSG00000155090	17063.0441059131	11399.8221893746	22726.2660224517	1.99356320168169	0.995349343638423	0.00119220353944508	0.0186696169525674
KLF9	ENSG00000119138	1456.91674538284	904.669070563899	2009.16442020177	2.22088328823867	1.15113357843035	0.000387007022039209	0.00773129753839887
KLHL21	ENSG00000162413	12597.3473692158	8345.41149014611	16849.2832482855	2.01898771177196	1.01363212997617	0.00134182179769705	0.0204548691068423
KNOP1	ENSG00000103550	47.1229243780242	67.2528988349424	26.992949921106	0.401364853987251	-1.31701380404198	0.00409582060993412	0.0473376218704905
KRT8P33	ENSG00000250539	18.9006568348133	29.5111325079198	8.29018116170675	0.280917079664155	-1.83178375238216	0.00360704676565721	0.0432700049055392
L3MBTL3	ENSG00000198945	282.356111547927	374.365075381089	190.347147714764	0.508453272573564	-0.975812900006125	0.00410710325035473	0.0474001600489865
LATS2	ENSG00000150457	52.9039063675429	15.424353979759	90.3834587553268	5.85978893339291	2.55084870044422	0.000276529902971858	0.0058906031947611
LAYN	ENSG00000204381	9.04056953407314	16.0029123972819	2.07822667086441	0.129865528178321	-2.94490956576545	0.00121287268533346	0.0188566179101582
LIMD2	ENSG00000136490	947.897531588764	1332.96464086132	562.830422316213	0.422239574151443	-1.24386629413591	0.0001238660554683	0.00305310312176673
LINC00092	ENSG00000225194	41.3365889731092	23.7909914200553	58.8821865261631	2.47497825906182	1.30741585218964	0.00218421966238296	0.0295835326683826
LINC00884	ENSG00000233058	12.7481392296027	5.03118138672215	20.4650970724832	4.06765240595239	2.02419640150752	0.00197558924422313	0.027596976444444
LINC00936	ENSG00000271614	55.112219522023	25.0218205032528	85.2026185407932	3.40513267328878	1.76771101067989	0.00149518049432034	0.02231211615169
LINC00944	ENSG00000256128	144.353097158903	46.6281173532911	242.078076964516	5.19167598233365	2.37620034611298	7.99575393393201e-05	0.00214127731027084
LINC01010	ENSG00000236700	7.4680221438335	1.63464354384712	13.3014007438199	8.13718733597119	3.02453020509734	0.00251857495949814	0.0330977715499743
LPAR6	ENSG00000139679	1168.74781684023	531.38971172321	1806.10592195725	3.39883494563782	1.76504030336485	0.000568249775550591	0.010544190279661
LPGAT1	ENSG00000123684	267.221649262035	174.116482345257	360.326816178812	2.06945839546836	1.04925324482101	0.00262178983164656	0.033914414506321
LRRC7	ENSG00000033122	22.4230211228215	35.0822414816028	9.76380076404022	0.278311771189432	-1.84522616617659	0.00270591038883446	0.0346638907734302
LYPD3	ENSG00000124466	20.4209036841605	33.0898288338323	7.7519785344888	0.234270735379655	-2.09375134794004	0.00235824321966352	0.0315486669431673
LZTS3	ENSG00000088899	660.496942576953	967.702071509386	353.29181364452	0.36508324622419	-1.4537026302884	7.92591208717035e-06	0.000303615544720652
MALT1	ENSG00000172175	1546.02187274246	1017.50103526728	2074.54271021765	2.038860540002	1.02776309701786	0.00133506834334712	0.0203728139498647
MAP3K9	ENSG00000006432	149.55127190666	80.9535324800125	218.149011333308	2.6947435726436	1.43014799502727	5.36611537301221e-05	0.00152498227130173
MAPK8IP3	ENSG00000138834	997.065084274395	1325.49193809173	668.638230457061	0.504445339305254	-0.987230144654985	0.00201659419604194	0.0280905712612665
MCM6	ENSG00000076003	481.314210706677	695.283207288787	267.345214124568	0.384512686804365	-1.37889689491148	3.29063917613982e-05	0.00102534109171837
MECR	ENSG00000116353	116.536940384495	164.939409125738	68.1344716432527	0.413087884844499	-1.27547934583122	0.00361900236732189	0.0433434586506892
MEN1	ENSG00000133895	83.2344618643158	119.607923209238	46.8610005193934	0.391788430582615	-1.3518532990877	0.000684754786560901	0.0121450004685617
METTL4	ENSG00000101574	225.435634306662	311.65275675436	139.218511858963	0.44671034939278	-1.16258841547638	0.00106941540782464	0.0172932028140021
MEX3A	ENSG00000254726	20.0426237995994	7.74893793261473	32.3363096665841	4.17299892550215	2.06108454912445	0.000251179996528965	0.00543418964834063
MFSD6	ENSG00000151690	559.795658706339	387.182277278361	732.409040134318	1.89163885620663	0.91963668165189	0.00370087495721311	0.0439345882500467
MIAT	ENSG00000225783	2945.27867229124	996.666673175628	4893.89067140685	4.9102581666684	2.29579887911853	0.00131165458161865	0.0200567099244835
MID2	ENSG00000080561	261.0293071575	128.443960948762	393.614653366238	3.06448548035089	1.61564486926435	2.67752255879167e-06	0.000122073674206505
MIOS	ENSG00000164654	385.436165254307	545.048839500681	225.823491007934	0.414317900786304	-1.27118994095276	0.000142906365379841	0.00342031772727952
MKI67	ENSG00000148773	14.0317631191195	3.44205967649643	24.6214665617426	7.1531201884344	2.83857268223594	0.00147302908722284	0.0220701928663237
MLF1	ENSG00000178053	68.591427724354	32.4024965119763	104.780358936732	3.23371252884801	1.69319143155142	6.03113692990108e-05	0.00168181591349193
MOB3A	ENSG00000172081	322.876000905657	209.499184960163	436.25281685115	2.08236044896358	1.05821981547837	0.00191585883995877	0.0269909098941301
MTHFD2L	ENSG00000163738	51.6912951003439	73.9412219982595	29.4413682024284	0.398172594484865	-1.32853416855874	0.00321885327781526	0.0396041525398744
MTMR2	ENSG00000087053	163.071981159449	107.629224593651	218.514737725247	2.03025468733274	1.02166071908742	0.00327285650186734	0.0401026102120811
MTMR4	ENSG00000108389	187.178346451451	253.379580793558	120.977112109345	0.477454070018024	-1.06656613900451	0.00197520703941274	0.027596976444444
MTND1P11	ENSG00000228166	12.2239798399336	5.48111890666725	18.9668407731999	3.46039578709533	1.79093705734871	0.00406025570710892	0.0470771055106007
MUC12	ENSG00000205277	5.78013094265868	1.28339634741889	10.2768655378985	8.00755398639465	3.00136161958645	0.0040816766170695	0.0472108634704311
MVK	ENSG00000110921	44.9161251880694	69.0844596094362	20.7477907667026	0.300325006289384	-1.73540349029631	0.000233307200925293	0.00509198961432104
MYADM	ENSG00000179820	634.917695649885	341.597495391012	928.237895908757	2.71734397480357	1.44219720057389	0.00172394793991071	0.0249997118900992
MYB	ENSG00000118513	189.251978223292	348.021159062217	30.4827973843679	0.0875889197843814	-3.51310781290692	4.74581308335669e-05	0.00136699650887462
MYO15B	ENSG00000266714	580.169382386571	932.854903641674	227.483861131468	0.243857710607961	-2.03588850479778	0.00254149291648431	0.033231573601943
MYO16	ENSG00000041515	34.4754562046529	4.75830441274262	64.1926079965631	13.4906475980513	3.75388769922041	0.000299994528299011	0.00630667422080369
MZF1	ENSG00000099326	148.455703786058	202.542998237806	94.3684093343103	0.465917904619503	-1.10185232248041	0.002801208387568	0.0356458563907733
NAP1L4	ENSG00000205531	1561.46907625017	2126.53622797979	996.40192452055	0.468556289523989	-1.09370571991867	0.000651251021578208	0.0116621011249601
NBEAL1	ENSG00000144426	248.412684232871	383.217754672095	113.607613793648	0.296457072796268	-1.75410487830342	0.000184352515272014	0.00423570114736141
NCEH1	ENSG00000144959	49.6554001795632	7.69105299926773	91.6197473598587	11.9125102074556	3.57440554522315	0.00109241547655245	0.0175340941987031
NEFL	ENSG00000104725	26.4505904293804	9.97934762288051	42.9218332358804	4.30106604739069	2.10469428555166	0.00172574207086334	0.0249997118900992
NEFM	ENSG00000104722	58.4833855670101	31.6379845078802	85.3287866261399	2.69703610875992	1.43137483695362	0.00095598601723083	0.0157700556871274
NEIL1	ENSG00000140398	67.8777311257844	94.3141959175079	41.4412663340608	0.43939585054945	-1.18640684920446	0.00365785111440693	0.0436329382932826
NEURL4	ENSG00000215041	127.847528728687	180.265827057353	75.4292304000202	0.418433330550341	-1.25693032001263	0.000752001101441389	0.0131185356463889
NIN	ENSG00000100503	1257.17207774549	1944.37682641075	569.967329080241	0.293136248765308	-1.77035671443957	0.00213243412537201	0.0291136338541102
NLRP1	ENSG00000091592	776.642871299845	1107.62711506136	445.658627538332	0.402354385766048	-1.31346133636225	4.25114004598889e-05	0.00124134959731892
NOD2	ENSG00000167207	152.939393014252	75.8016184816794	230.077167546824	3.03525402432445	1.60181726254262	0.000334145280944698	0.00688821263617344
NOG	ENSG00000183691	14.4869058604699	25.798781646829	3.17503007411081	0.123068992853043	-3.0224607732925	0.000261619845591585	0.00565182523986589
NOL3	ENSG00000140939	34.6203890991472	11.2090220175377	58.0317561807567	5.17723634496926	2.37218217988169	0.000723168126179561	0.01270502111041
NPC2	ENSG00000119655	308.950983083778	171.596288605748	446.305677561807	2.6009051896642	1.37901380993284	0.00339304085419289	0.0412016063855139
NPHS1	ENSG00000161270	3017.58700044841	1196.58239022322	4838.5916106736	4.04367609803365	2.01566744074357	5.628979638186e-05	0.00158453644625679
NPRL2	ENSG00000114388	91.26166656203	129.969340879965	52.5539922440947	0.404356842069636	-1.3062990715702	0.00101625904077667	0.0165985254099601
NRIP3	ENSG00000175352	425.644270256322	214.011828055539	637.276712457106	2.97776397803454	1.57422940831447	4.37218226919826e-06	0.000182027297106705
NSG1	ENSG00000168824	23.0660848381325	11.4638745830907	34.6682950931744	3.02413419144609	1.59652215842091	0.00172419111012323	0.0249997118900992
NT5E	ENSG00000135318	989.30892257081	538.49162002031	1440.12622512131	2.67437072663637	1.4191994685754	8.50013448807728e-06	0.000320653550498205
NTNG2	ENSG00000196358	259.784543377915	127.209920265895	392.359166489936	3.08434409572637	1.6249637242367	0.00129930799186548	0.0198883776344971
NUCB2	ENSG00000070081	597.046994241221	925.459946662136	268.634041820306	0.290270846176748	-1.78452841506314	0.000417653616776247	0.00824380571865254
NUDCD3	ENSG00000015676	325.787745601174	431.008564291714	220.566926910634	0.511746042153702	-0.966500055405764	0.00392551492454624	0.0459973001027778
NUMB	ENSG00000133961	430.331122925786	266.015375724282	594.646870127291	2.23538533631089	1.16052354499561	0.000939430294407898	0.0156251717666499
OTUD7B	ENSG00000163113	292.820441042488	179.68529684096	405.955585244017	2.25925878400239	1.17584953191464	0.00037848311751464	0.00761217127959418
OXNAD1	ENSG00000154814	217.390496787004	319.930376108062	114.850617465946	0.35898628590101	-1.47799936404382	1.98522857371639e-05	0.000660099603828784
P4HA2	ENSG00000072682	13.079207065378	4.04891609288073	22.1094980378753	5.46059674507722	2.44905862039792	0.000715739505469918	0.0125893920352656
PAM	ENSG00000145730	476.886492892698	312.016223500398	641.756762284997	2.05680574902599	1.04040554780059	0.00185115536035315	0.0263541399625755
PATZ1	ENSG00000100105	237.66764690011	324.191749094666	151.143544705554	0.466216506520094	-1.10092801051258	0.00253606597629781	0.033231573601943
PAXIP1-AS2	ENSG00000214106	62.8076638424393	88.7096871722449	36.9056405126337	0.416027174585512	-1.26525032767648	0.0022902052578784	0.0307491605671605
PCNX	ENSG00000100731	2365.33106228085	1607.76092031841	3122.90120424329	1.94239153643865	0.957834040480637	0.00249529529761497	0.0329815133765892
PCYOX1L	ENSG00000145882	45.775133762455	65.3341458140612	26.2161217108488	0.401262178975431	-1.3173829137906	0.00275384474582207	0.0350731743420338
PDCD4	ENSG00000150593	1389.82280691397	2236.19618267328	543.449431154664	0.243024040272259	-2.04082906061977	0.00324671856139016	0.0398809735354892
PDLIM2	ENSG00000120913	171.146846670685	84.163225072585	258.130468268786	3.06702206392597	1.61683854528184	0.000999134740257591	0.0164089940822636
PEA15	ENSG00000162734	3928.52844339152	2728.95438599792	5128.10250078512	1.87914555373189	0.910076818495243	0.00287088086938842	0.0362101380303255
PHF12	ENSG00000109118	457.55267638339	635.728623168718	279.376729598062	0.439459101598321	-1.18619918814623	0.000285824046989793	0.006051570954999
PHF23	ENSG00000040633	266.948740552672	176.667301276048	357.230179829297	2.02205035821039	1.01581892732783	0.00343566608673161	0.041549475221393
PHGDH	ENSG00000092621	63.9047074630019	116.306124441621	11.5032904843824	0.0989052858532513	-3.33780856393198	0.000584257216645955	0.0106811992755336
PHLDB2	ENSG00000144824	35.0723477086352	16.2841756427541	53.8605197745163	3.30753738820561	1.72575746473493	0.000318147908066413	0.00661347182879873
PIDD	ENSG00000177595	82.448391713851	114.112656553662	50.7841268740396	0.445035006701101	-1.1680092711506	0.00272022283935749	0.0347342543482563
PIK3AP1	ENSG00000155629	47.445967316664	19.5455057969739	75.346428836354	3.85492346010403	1.94670221556844	0.00158505860910761	0.0234182168063284
PITPNM2	ENSG00000090975	211.637561259565	328.926942211642	94.3481803074882	0.286836279427611	-1.80170058535195	0.00135675553209204	0.0206608505746401
PLCB1	ENSG00000182621	18.8209351707952	6.26212197938515	31.3797483622052	5.01104074074365	2.3251102672087	0.0028698535706228	0.0362101380303255
PLD6	ENSG00000179598	534.364354620224	734.814803861142	333.913905379305	0.454419132038071	-1.1379045181535	0.000863860893858304	0.0146905771915515
PLEK	ENSG00000115956	392.400595026399	139.9585031163	644.842686936498	4.60738485035568	2.20394810988274	0.00314362402981871	0.0389364032959963
PLEKHO2	ENSG00000241839	265.601941566033	136.825617148045	394.378265984021	2.88234231428538	1.52724168381073	1.32442891844976e-05	0.000461751755667639
PLXNA2	ENSG00000076356	31.4363938126825	15.9345114038279	46.938276221537	2.94569912010361	1.55861007799682	0.00117531819349173	0.0185453916553796
PMEPA1	ENSG00000124225	1231.76171549052	820.968696635043	1642.55473434599	2.00075196664432	1.00054232732771	0.0016649071007985	0.0243777194862254
PNP	ENSG00000198805	3958.65718207581	2768.59231155996	5148.72205259165	1.85968950036223	0.895061764515226	0.00402772888612922	0.0468420457234261
POLM	ENSG00000122678	225.776359992925	310.788108534056	140.764611451794	0.452927919654844	-1.14264662128407	0.00095452877055698	0.0157635123519871
PPP1R18	ENSG00000146112	3043.21708020061	1671.91603754663	4414.5181228546	2.64039462731182	1.40075356758316	0.000899443891264828	0.0151397899839968
PPP1R2	ENSG00000184203	1419.20197905884	871.609049422318	1966.79490869536	2.25651042746619	1.17409344534367	0.000165565177064923	0.00389366333341131
PPP3CA	ENSG00000138814	227.77489671276	135.344718394052	320.205075031467	2.36584832294083	1.24235758392476	0.00126666119029288	0.0195294453022024
PRDM1	ENSG00000057657	2105.46901364597	1001.71358953381	3209.22443775814	3.20373455176113	1.6797546169343	0.000200089006401558	0.00451278133861358
PRF1	ENSG00000180644	361.035849965741	76.706529349547	645.365170581935	8.41343202533705	3.07269442781819	1.02419049175196e-05	0.000374939489628308
PRODH2	ENSG00000250799	348.902805721683	89.5529575280176	608.252653915349	6.79210012382953	2.76385772613001	0.000504844476846753	0.00959527296595049
PRRT4	ENSG00000224940	19.675208740098	31.7517582527862	7.59865922740987	0.239314596908759	-2.06301969865606	0.0015120524397824	0.0224511842282576
PSME4	ENSG00000068878	2392.28341586041	1658.81255238888	3125.75427933193	1.88433242492076	0.914053500767505	0.00360319344237082	0.0432586947770254
PTGDR	ENSG00000168229	16.2673797128048	0.932820890812792	31.6019385347968	33.8778203254659	5.08226915058464	3.60278646121614e-08	2.9261319766697e-06
PTGER2	ENSG00000125384	231.912969493986	77.948477373664	385.877461614307	4.95041692430392	2.30755003414094	0.000581727691664481	0.0106765409078454
PTGES2	ENSG00000148334	244.925410269938	386.535104058988	103.315716480888	0.267286762304313	-1.90353970672963	4.11551619354197e-05	0.00120648751843421
PTHLH	ENSG00000087494	13.9443768685573	1.58159333090754	26.307160406207	16.6333278549624	4.05600493456121	0.000628590832042178	0.0113797144173482
PTPRK	ENSG00000152894	57.7577348271732	84.3644332384872	31.1510364158592	0.369243711124086	-1.43735474534579	0.0013855784514424	0.0209713365822693
PTPRS	ENSG00000105426	24.6872867774689	41.1459763421311	8.22859721280663	0.199985465027865	-2.32203294635853	0.000912404380526416	0.0152886880583586
PXN	ENSG00000089159	1979.91126954502	1159.78965201435	2800.03288707568	2.41425924279675	1.2715806007889	5.48840804117015e-05	0.00155675970831893
PXN-AS1	ENSG00000255857	28.3705156530497	12.7851325591542	43.9558987469452	3.4380479469861	1.78158966476848	0.000276481978265654	0.0058906031947611
RAB11FIP5	ENSG00000135631	258.684840256867	153.866689017718	363.502991496015	2.36245410762142	1.24028630421199	0.000179676252512063	0.00415970115434079
RAB20	ENSG00000139832	43.2977487772805	19.3836435267397	67.2118540278213	3.46745202650382	1.79387592246126	0.0033962451832693	0.0412068507419849
RABGGTA	ENSG00000100949	202.577406668874	278.595715980229	126.559097357518	0.454275102229138	-1.13836185811449	0.00128057796683163	0.0196688343439978
RALGAPA1	ENSG00000174373	911.586028500625	1227.59453597183	595.577521029424	0.485158172000118	-1.04347292128231	0.00108780686384609	0.017478998289021
RAP1GAP2	ENSG00000132359	12.165092714421	4.56575855398442	19.7644268748577	4.32883750666354	2.11397964653536	0.00413246278128311	0.0476130188513262
RAPH1	ENSG00000173166	831.096277825427	473.47547301456	1188.71708263629	2.51062019130132	1.32804379301761	0.00429881907074556	0.049148729114224
RARA	ENSG00000131759	2061.15129586375	1191.83176976835	2930.47082195914	2.45879569272492	1.29795186289735	3.95450581242037e-05	0.00117317005768471
RASA1	ENSG00000145715	433.23067784841	257.079849217981	609.38150647884	2.37039779015173	1.24512918643266	0.000199890866262346	0.00451278133861358
RASA4	ENSG00000105808	161.61790835296	231.639247827306	91.5965688786141	0.395427673581905	-1.33851425482098	0.00119686043170463	0.0186696169525674
RASA4CP	ENSG00000228903	161.211715816072	245.828084163655	76.5953474684902	0.311580947836288	-1.68232107491025	0.000510008010437757	0.00965636822819921
RBFOX2	ENSG00000100320	28.2850965418888	13.4598357901323	43.1103572936452	3.20288879937528	1.67937371026535	0.00107158983998493	0.0172932028140021
RBMS1	ENSG00000153250	2508.72269753337	1409.05826435063	3608.3871307161	2.56085019477817	1.35662286028723	0.000146144263723269	0.00347756152644444
RELL1	ENSG00000181826	50.8059576394048	28.5200429821875	73.0918722966221	2.56282475949536	1.35773483358446	0.0024965735851393	0.0329815133765892
RFFL	ENSG00000092871	671.916386699949	359.05044842839	984.782324971508	2.74274083010348	1.45561830399825	0.000342168191700546	0.0070243726978525
RFX2	ENSG00000087903	141.401504122335	41.8382168342396	240.964791410429	5.75944219528086	2.52592909273171	1.31680763748558e-09	1.47155728691339e-07
RGAG4	ENSG00000242732	209.206836233136	49.7635365241663	368.650135942106	7.4080373239366	2.8890913673512	1.82391294255623e-09	1.97874584417615e-07
RGCC	ENSG00000102760	4012.71861162904	2010.51472705217	6014.9224962059	2.99173262213554	1.58098124409051	0.000696620051118748	0.012311371961686
RHBDL3	ENSG00000141314	31.3208267143494	4.97390125112101	57.6677521775778	11.5940685723466	3.53531501836142	0.00282459701977413	0.0358820388930794
RHOU	ENSG00000116574	17.6625702429444	5.90137117830139	29.4237693075874	4.98592080019893	2.31785996624944	0.000525976189563055	0.00992079201202498
RIN3	ENSG00000100599	285.096364019207	126.155261659258	444.037466379156	3.51976969124355	1.81548103222305	0.00424674766763462	0.0486656982143819
RN7SL402P	ENSG00000243968	456.392864611074	286.440429910104	626.345299312043	2.18665116341507	1.12872308552	0.000732754332281965	0.0128430750480034
RNU6-1316P	ENSG00000206969	7.25905256361628	2.28859141997855	12.229513707254	5.34368590238296	2.41783520983442	0.00190454684207567	0.0268825068506845
ROBO3	ENSG00000154134	68.7371653492858	111.457541685511	26.0167890130602	0.23342331635547	-2.09897941768827	0.00268263553176563	0.03446154875422
RP11-132N15.3	ENSG00000224187	6.98046849389633	1.47627622218413	12.4846607656085	8.45685961610736	3.08012203008666	0.00119132475256107	0.0186696169525674
RP11-284N8.3	ENSG00000259834	76.2762999105284	107.943545560471	44.6090542605855	0.41326282205169	-1.27486851306266	0.00204545451094366	0.0283596925337273
RP11-313D6.3	ENSG00000232470	12.5641558394799	22.879773935369	2.2485377435908	0.0982762220440853	-3.34701379140539	0.00127180900665933	0.0195884945761427
RP11-356J5.12	ENSG00000250303	35.5420281478813	16.266647446554	54.8174088492086	3.36992665694131	1.75271719294467	0.000532887756079592	0.0100257097703936
RP11-367G6.3	ENSG00000272053	54.005268644454	31.1822378155796	76.8282994733284	2.46384816662974	1.30091335343559	0.0019385213076299	0.0272070275687471
RP11-39K24.7	ENSG00000236567	36.1188008645754	17.3874799120233	54.8501218171276	3.15457571164175	1.65744597672184	0.000217845237561364	0.00478969491993277
RP11-415F23.4	ENSG00000272529	26.6795994071167	39.8895915472429	13.4696072669906	0.337672228381631	-1.5663045641166	0.00337286896973875	0.0410572903335193
RP11-46H11.12	ENSG00000236617	20.0355698838119	9.87203532568929	30.1991044419346	3.05905554889472	1.61308630479978	0.00426549582776711	0.0488052844404176
RP11-47I22.1	ENSG00000258926	60.9706736740261	34.6296512301962	87.311696117856	2.5212987430183	1.33416707001564	0.000560084491686079	0.0104186931163081
RP11-514F3.5	ENSG00000255186	8.77944198954963	0.284946337021637	17.2739376420776	60.6217220499521	5.92176292948468	0.000443571681678959	0.00865197625301098
RP11-528G1.2	ENSG00000234425	14.8945810351512	2.03725974975558	27.7519023205468	13.6221718040011	3.76788482768517	1.1066172365676e-06	5.81189116152092e-05
RP11-589N15.2	ENSG00000269899	12.3481057292076	3.07056003707018	21.625651421345	7.04290134707132	2.81616987442287	0.0014985887277811	0.0223181605821748
RP11-58K22.4	ENSG00000255092	12.2476855520485	3.05697166678808	21.4383994373089	7.01295326686295	2.81002211416669	0.000104247058875257	0.00264858809583409
RP11-61L23.2	ENSG00000253882	104.421468992225	146.170035155808	62.6729028286421	0.428767105117248	-1.22173386797373	0.00282785367951167	0.0358828239442699
RP11-67L2.2	ENSG00000273033	11.045387003068	18.3145175772393	3.77625642889655	0.206189238289823	-2.27795905932523	0.00370001712974569	0.0439345882500467
RP11-745A24.1	ENSG00000240163	6.45826630495156	1.13087620161472	11.7856564082884	10.4217034468143	3.38151920296583	0.000542452682506005	0.0101542496474644
RP11-75L1.2	ENSG00000213443	216.847805778832	319.828656615698	113.866954941966	0.356024867023678	-1.48995008324955	0.000146350315405249	0.00347756152644444
RP11-887P2.3	ENSG00000186076	73.0516860153889	36.2188371080104	109.884534922767	3.03390566061174	1.60117622563648	4.11027183877239e-05	0.00120648751843421
RP11-982M15.6	ENSG00000256050	10.5428197474532	2.63743505423956	18.4482044406668	6.99475212138858	2.80627293236074	0.000380608499123766	0.0076445731384818
RP1-90J20.12	ENSG00000270346	22.3833922291041	8.70790906117009	36.0588753970382	4.14093385033501	2.04995615644943	0.00237578015690092	0.0317261639461082
RP4-673D20.4	ENSG00000234282	9.61387666108539	17.1770481022513	2.05070521991949	0.119386358337712	-3.06629009817492	0.000646590733529969	0.0116066160295361
RP5-821D11.7	ENSG00000184068	91.7820145067225	53.7052267225417	129.858802290903	2.41799188302091	1.27380940159897	0.000665243706672622	0.0118555362257496
RP6-99M1.2	ENSG00000270069	1482.01488973655	944.269783222254	2019.75999625084	2.13896497816392	1.09691286107104	0.000421836035310309	0.00831531696660096
RP6-99M1.3	ENSG00000269902	44.473470077923	21.5590560907954	67.3878840650505	3.12573443759542	1.64419521217032	0.000115380137636748	0.00288702859544611
RPIA	ENSG00000153574	930.236141245777	1272.43927316862	588.033009322935	0.462130509268721	-1.11362775734629	0.00436124269879543	0.0496968695017696
RPS6KA3	ENSG00000177189	4382.96908070993	2764.96888999329	6000.96927142657	2.17035688652581	1.11793229432236	0.000322461513535252	0.00667513297447694
RPS6KB2	ENSG00000175634	181.998991432775	255.097915488412	108.900067377137	0.426895167561977	-1.22804626346562	0.000488193651896591	0.00930259262581928
RTN2	ENSG00000125744	28.7996146598127	12.2638913474155	45.33533797221	3.69665195882252	1.88621921963625	0.000104040024744887	0.00264858809583409
S1PR2	ENSG00000267534	170.827019985645	108.019229826791	233.634810144499	2.16290016619386	1.11296707581261	0.00108043256502144	0.0173915999521291
SAMD8	ENSG00000156671	680.268230958639	461.162183075492	899.374278841786	1.95023423829737	0.963647413274842	0.0038880013075634	0.0456817102247548
SAPCD2	ENSG00000186193	37.527878361828	13.0496405860199	62.006116137636	4.75155738802976	2.24840045401862	0.00382736476337432	0.0451477162524067
SAYSD1	ENSG00000112167	226.208554004291	346.235379090367	106.181728918214	0.306674982773787	-1.70521761233942	0.000264358527933299	0.00569169171001251
SCML4	ENSG00000146285	212.222501372307	324.550255359115	99.8947473854995	0.307794388499143	-1.69996116522986	0.00124641373325876	0.019297340955651
SCNN1D	ENSG00000162572	36.3212020544004	53.598181349823	19.0442227589778	0.35531471925662	-1.49283063993994	0.0023747692341303	0.0317261639461082
SEMA5A	ENSG00000112902	11.2196591809252	1.06324519394021	21.3760731679102	20.1045565874546	4.32945061226738	0.000377994127455897	0.00761217127959418
SERPINE2	ENSG00000135919	826.803370461334	1241.44967718909	412.157063733573	0.331996593423572	-1.59075965655653	0.00109384101071645	0.0175380355364387
SERTAD1	ENSG00000197019	3163.21857978323	1900.9745711939	4425.46258837256	2.32799673148346	1.21908903269812	0.000146467975210537	0.00347756152644444
SESN1	ENSG00000080546	44.2725357720928	63.540996844201	25.0040746999846	0.393510897559464	-1.34552450581965	0.00418884980351752	0.0482058767109288
SH3BP5	ENSG00000131370	155.647432359843	104.085215654062	207.209649065623	1.99076927269196	0.99332602445777	0.00412424065371243	0.0475551503771357
SH3RF3	ENSG00000172985	77.6585571309436	151.32484580691	3.99226845497685	0.0263821081970304	-5.24429633466688	0.000576079165566107	0.0106480987589561
SHISA2	ENSG00000180730	89.300297729046	165.302269063014	13.2983263950782	0.0804485411510525	-3.63578993033284	0.00259762503903542	0.0337782160587782
SIPA1L2	ENSG00000116991	1142.96844791796	402.624746176454	1883.31214965947	4.67758667976681	2.225764388113	1.49904896418026e-06	7.55266601851226e-05
SLAMF1	ENSG00000117090	8245.28694679267	4938.91642387767	11551.6574697077	2.33890523311147	1.22583340829579	6.22577863988217e-05	0.00172637589411509
SLC12A8	ENSG00000221955	27.8677645134123	6.22490521048357	49.510623816341	7.95363497792039	2.99161435298697	0.000299290487822451	0.00630667422080369
SLC1A5	ENSG00000105281	8866.75854906228	5960.31869429969	11773.1984038249	1.97526323803532	0.982044930201838	0.00166645374942359	0.0243777194862254
SLC22A4	ENSG00000197208	45.0674637266009	17.5540816485218	72.58084580468	4.13469911203198	2.04778234623486	0.000575321914392502	0.0106480987589561
SLC25A26	ENSG00000144741	248.84551208795	165.470830790262	332.220193385638	2.00772662951536	1.00556284643448	0.00369826177022799	0.0439345882500467
SLC25A45	ENSG00000162241	137.327364609773	196.33307614426	78.3216530752856	0.398922354874819	-1.32582012322119	0.000331112555550589	0.00683517487937279
SLC35C2	ENSG00000080189	436.978763076381	575.015951572479	298.941574580284	0.519883968023456	-0.943738428242229	0.00425739905480555	0.0487501711491332
SLC35E4	ENSG00000100036	358.084829833474	94.8743346708082	621.295324996139	6.54861324879788	2.71118943017686	0.000807948603278317	0.0139472010342922
SLC4A2	ENSG00000164889	198.924483644931	105.888846011681	291.960121278181	2.75723206244003	1.46322069688818	3.45084681006899e-05	0.00105772246342509
SLC6A8	ENSG00000130821	272.330340257462	99.5921090267604	445.068571488163	4.46891401173734	2.15992428549515	8.55463632930958e-05	0.00225039928783236
SMAD5	ENSG00000113658	59.4366897941058	21.5088037663522	97.3645758218594	4.52673132729835	2.17846968160741	5.356674346705e-07	3.09790859202632e-05
SMAP2	ENSG00000084070	3273.33688302605	4334.30441534723	2212.36935070487	0.510432387460176	-0.970208222395532	0.00270697459719543	0.0346638907734302
SMC1B	ENSG00000077935	20.0507793304568	31.8946901645484	8.20686849636514	0.257311435039029	-1.95841252235696	0.00271004784220722	0.0346638907734302
SMCHD1	ENSG00000101596	2751.67438365011	3664.15409924446	1839.19466805576	0.501942499753218	-0.994405989819269	0.00126110001179622	0.0194638935361654
SNAPC1	ENSG00000023608	121.563754174668	170.114353354728	73.0131549946073	0.429200438145029	-1.22027654603119	0.0011523807162471	0.0182989685743383
SOCS1	ENSG00000185338	750.651641631992	334.37394566198	1166.92933760201	3.48989313533914	1.80318286008056	0.00190160037670615	0.0268825068506845
SOS1	ENSG00000115904	1215.05455604228	814.07800014717	1616.03111193739	1.98510598695118	0.989216036469929	0.00249246098048196	0.0329815133765892
SOWAHC	ENSG00000198142	28.9937915704903	10.9317692478678	47.0558138931129	4.30450120434907	2.1058460711404	0.000178789642688116	0.0041521100926148
SOX13	ENSG00000143842	24.3981568705202	2.36272801195766	46.4335857290827	19.6525310971404	4.29664322753069	7.2794072713328e-11	1.10401867626346e-08
SOX30	ENSG00000039600	13.3335014511827	3.68965763628427	22.9773452660812	6.22750063315384	2.63865326314582	0.000114543673333718	0.00287093190009958
SOX8	ENSG00000005513	515.163185069606	217.894187865538	812.432182273674	3.72856288748291	1.89861967482028	0.000432824554697996	0.0084757198372547
SPAG1	ENSG00000104450	116.740799835174	64.9161663479922	168.565433322355	2.59666340151291	1.37665901346151	0.000110049142747017	0.0027676149046513
SPAG4	ENSG00000061656	74.3583282392906	125.223280275082	23.4933762034993	0.187611889353886	-2.41417683756511	2.198559659597e-06	0.000102436339249499
SPINT1	ENSG00000166145	147.999345146742	80.8151422816901	215.183548011794	2.66266372781661	1.41287023972219	2.85433850436881e-05	0.000898814262509187
SPRED1	ENSG00000166068	24.396039147903	6.5104556292572	42.2816226665488	6.4944183747356	2.69920032698836	1.03682176683338e-05	0.000377702988246189
SPTB	ENSG00000070182	12.3621115023087	3.43121259219665	21.2930104124207	6.20568088985387	2.63358951213219	0.000424316356005158	0.00835313112490683
SPTBN4	ENSG00000160460	42.8094635340454	68.7648763092698	16.854050758821	0.245096794517887	-2.02857647875029	0.000277751684489346	0.00590589883628778
SPTBN5	ENSG00000137877	944.237902216014	343.812347892482	1544.66345653955	4.49275154312549	2.16759928055445	0.00387424521038394	0.045607325901783
SREBF1	ENSG00000072310	493.343557741455	697.911408124502	288.775707358407	0.413771295320181	-1.27309453073255	0.000104543989278601	0.00264874266181166
SS18L1	ENSG00000184402	132.652705324336	84.5972822836629	180.708128365009	2.13609850679454	1.09497817885463	0.0025773148968369	0.0336023081681464
SSB	ENSG00000138385	556.483462276816	744.427933028688	368.538991524944	0.495063356939806	-1.01431492546533	0.00203927955742618	0.0283004781158033
SSH2	ENSG00000141298	419.39489341181	555.813759821733	282.976027001887	0.509120225977576	-0.973921713752497	0.00382167105040246	0.0451163596680951
SSTR3	ENSG00000183473	114.918771495368	211.159991051356	18.6775519393793	0.0884521345468173	-3.49895923099749	0.00157646017367442	0.0233143557824108
STX3	ENSG00000166900	282.470804485059	166.18078086778	398.760828102338	2.39956044267	1.26277015364257	0.000196395428463512	0.00445652710420332
SUMO3	ENSG00000184900	276.013985077173	377.580226831449	174.447743322898	0.462015039258851	-1.11398828066805	0.00138112279503554	0.020925207036303
SV2C	ENSG00000122012	19.3790460312111	3.25520250518573	35.5028895572364	10.9065071990692	3.44711724848555	0.0010641111352855	0.0172474196333135
SYMPK	ENSG00000125755	897.904440411475	1193.41521057194	602.39367025101	0.504764532004176	-0.986317554018946	0.00254430757081468	0.033231573601943
SYT11	ENSG00000132718	183.093677971952	83.3897812561203	282.797574687783	3.39127373196014	1.76182723844858	6.19003580120303e-05	0.00171967293669683
TAF1C	ENSG00000103168	913.522394057003	1236.95623527086	590.088552843148	0.477048852673381	-1.067791080437	0.00115875580502681	0.0183609675161124
TBC1D10C	ENSG00000175463	112.589773568762	157.05322464659	68.1263224909347	0.433778565478273	-1.20496932874256	0.0025444076403829	0.033231573601943
TBC1D2B	ENSG00000167202	808.401550938309	531.239210244394	1085.56389163222	2.04345588709993	1.03101109965948	0.00109789662868389	0.0175840922328973
TBC1D9B	ENSG00000197226	311.722165100776	439.390794152086	184.053536049466	0.418883459778995	-1.25537917646458	0.000224066506409638	0.00490471352690199
TBX21	ENSG00000073861	3320.42551482118	1540.42867144354	5100.42235819882	3.31104091526627	1.72728483854737	0.000382877537375728	0.00766679878816281
TCFL5	ENSG00000101190	42.9519416230101	63.5319520285263	22.3719312174939	0.352136688755428	-1.50579254695919	0.00395966762120178	0.0461950862275683
TECPR1	ENSG00000205356	77.2484532891586	108.177210351857	46.3196962264598	0.428183497021232	-1.22369890221027	0.0019448197468899	0.027269675375495
TERT	ENSG00000164362	5.91183671611189	10.8408914846524	0.982781947571398	0.0906550857890919	-3.46346823172601	0.00373416363880179	0.0442590703058301
TESK1	ENSG00000107140	541.346450243821	360.788171261421	721.904729226221	2.00091019254381	1.00065641577975	0.00284249966966879	0.0359864332114883
TFAP4	ENSG00000090447	248.492803295576	351.478900290752	145.5067063004	0.413984185622617	-1.27235243769319	0.00188049903534979	0.0266442870947606
TGFBI	ENSG00000120708	9.15284102629181	1.28339634741889	17.0222857051647	13.2634674700448	3.72938608360171	4.97574430058508e-05	0.00142494195644694
TGFBR1	ENSG00000106799	275.07783435331	182.377872764223	367.777795942397	2.01657026901426	1.01190367848969	0.0017684267746591	0.02546911545713
TGM1	ENSG00000092295	28.6425713329475	44.0463237824837	13.2388188834113	0.300565807688952	-1.73424719702135	0.00218024380488509	0.0295835326683826
THAP2	ENSG00000173451	985.125063308869	1489.98303973975	480.267086877988	0.322330572945229	-1.63338706086591	0.00283190153311098	0.0358828239442699
TMC6	ENSG00000141524	2521.83972883542	475.313804239146	4568.3656534317	9.61126231278823	3.2647259224458	0.000141932607488876	0.0034079876334526
TMEM119	ENSG00000183160	8.18225527530456	2.69494133632215	13.669569214287	5.07230678087493	2.34264200451958	0.00438327885286807	0.0498078544267416
TMEM2	ENSG00000135048	9569.86425234537	6103.29186817597	13036.4366365148	2.13596808379588	1.09489009005289	0.000402450346586318	0.00798614085622489
TMEM71	ENSG00000165071	1192.26092565479	1811.97214238538	572.54970892421	0.315981518441269	-1.66208791633585	0.000205865462635073	0.00460568292214161
TMPO	ENSG00000120802	218.822833427593	295.891220805253	141.754446049934	0.47907621477973	-1.06167290669602	0.00206646821457659	0.028518028851673
TMPPE	ENSG00000188167	63.3005581786724	32.3216741669686	94.2794421903761	2.91691085379252	1.54444129547273	0.000209152940137205	0.00464669678514092
TMPRSS11E	ENSG00000087128	17.5394962703363	0.533040509035881	34.5459520316367	64.8092432864446	6.0181276841163	0.000477303251708077	0.00911845530865958
TNFRSF12A	ENSG00000006327	263.305010609922	61.7778873328377	464.832133887006	7.5242478167415	2.91154736588613	7.0348330823806e-07	3.96055773119026e-05
TNFSF11	ENSG00000120659	89.6627139406369	10.4396189757146	168.885808905559	16.177392038774	4.01590714418879	0.000133518694365548	0.00325860156708562
TOB2	ENSG00000183864	868.55960375554	544.838227247707	1192.28098026337	2.18832108438182	1.12982443504999	0.000582565745560292	0.0106765409078454
TP53BP2	ENSG00000143514	5655.04200412366	7764.19340712729	3545.89060112003	0.456697871264388	-1.13068802976813	0.0032547674864657	0.0399468283660939
TPBG	ENSG00000146242	17.0014560368916	3.43832596606129	30.5645861077219	8.88938000917188	3.15208280163273	4.14436379410438e-06	0.000174004743140603
TRPS1	ENSG00000104447	119.924374484423	194.787209575631	45.0615393932141	0.23133726024099	-2.11193044311283	0.000184480678617573	0.00423570114736141
TSC22D2	ENSG00000196428	1581.95095550244	997.049494023053	2166.85241698184	2.17326464731322	1.11986386808497	0.000469706674541176	0.00901970323476163
TSPAN17	ENSG00000048140	210.261961208974	90.5272001314525	329.996722286495	3.64527701958433	1.86602845504452	0.00400259650107815	0.0465862112729245
TSPAN18	ENSG00000157570	63.3273752264132	33.9942976164162	92.6604528364103	2.72576459387305	1.44666097156467	0.000453702037525351	0.00879188185624418
TSPAN3	ENSG00000140391	105.905345927597	149.575881529689	62.2348103255048	0.416075169934077	-1.26508389946751	0.0039509089045335	0.0461715101007431
TTC9	ENSG00000133985	100.19246901117	46.7364676180397	153.6484704043	3.28754992054628	1.71701280150083	0.000318929108697221	0.00662045159576369
TUFT1	ENSG00000143367	397.0127598538	228.150826760259	565.874692947341	2.48026580040388	1.31049473689295	9.26605690418958e-05	0.00241912814781272
TXNRD2	ENSG00000184470	87.3863499807679	127.847094522087	46.9256054394487	0.36704475463337	-1.44597210988144	0.000299932478921399	0.00630667422080369
UBE2E2	ENSG00000182247	21.0802327934398	36.9768290457789	5.18363654110073	0.140186075303622	-2.83458504145967	1.64793201259747e-05	0.000556663943255368
UBXN7	ENSG00000163960	570.906837770174	362.621930565378	779.19174497497	2.14877170765734	1.10351221439626	0.00107127728888196	0.0172932028140021
ULK3	ENSG00000140474	413.242400035797	553.281904767263	273.202895304331	0.493786066289758	-1.01804196796172	0.0024654440659437	0.0326594430945822
USP47	ENSG00000170242	1039.7524692883	1406.50079859337	673.004139983229	0.478495384187691	-1.0634230870865	0.0011915976481954	0.0186696169525674
VARS	ENSG00000204394	1035.28113409239	1443.28268223097	627.279585953811	0.4346200461466	-1.20217337685845	0.000208997357548557	0.00464669678514092
VIPR1	ENSG00000114812	59.403682650071	84.3178871099963	34.4894781901457	0.409041063198758	-1.28968241382423	0.00241846826547419	0.0321517833897522
VPS16	ENSG00000215305	132.894757113107	181.450937256377	84.3385769698372	0.464800999350436	-1.10531492425945	0.00254043651312366	0.033231573601943
VPS28	ENSG00000160948	459.240861143568	628.011081372802	290.470640914334	0.462524706219163	-1.11239766420354	0.000829819214181544	0.0142420357741112
VPS9D1	ENSG00000075399	132.456354946043	198.265101968969	66.6476079231174	0.336154004215772	-1.57280576004992	3.23194815078522e-05	0.00100916902027565
WASH2P	ENSG00000146556	81.3029781823575	111.883496670344	50.7224596943712	0.453350683558104	-1.14130063467735	0.00327742768827269	0.0401255417881359
WASH3P	ENSG00000185596	77.9275887759562	108.558428559026	47.2967489928863	0.435680118261567	-1.19865881578598	0.00183790362384381	0.0262157020740792
WASH4P	ENSG00000234769	144.676377553083	200.217844047292	89.1349110588743	0.445189645723188	-1.16750805620013	0.0011753857861379	0.0185453916553796
WASH5P	ENSG00000225373	752.309879289766	992.040755231178	512.579003348353	0.516691477286036	-0.952625007870431	0.00297708116997521	0.0373089017110805
WDR27	ENSG00000184465	99.8864803896705	136.30375875827	63.4692020210705	0.465645280799855	-1.10269673765271	0.00361274544529416	0.0433034157688767
WDR59	ENSG00000103091	285.886849784694	377.606157267298	194.16754230209	0.514206504754221	-0.959580234390433	0.00419689191037758	0.0482058767109288
WDR91	ENSG00000105875	331.05279282282	435.405387522191	226.700198123448	0.520664660153967	-0.941573607020071	0.00437191867876628	0.0497548448104925
WHAMMP2	ENSG00000248334	69.9017113676491	103.522932402929	36.2804903323688	0.350458487701631	-1.51268452977801	0.000200853595077767	0.00452316209642553
XCL1	ENSG00000143184	954.181365054574	132.449029224942	1775.91370088421	13.4082802363777	3.74505230203603	3.70920403029187e-08	2.99619019033848e-06
XPOT	ENSG00000184575	3211.11490466909	4190.75111488245	2231.47869445573	0.532477026977613	-0.909208811390049	0.00406061019071453	0.0470771055106007
ZBED2	ENSG00000177494	751.416860213648	98.6345899033982	1404.1991305239	14.236376223586	3.83151005933898	0.00105716744285891	0.0171719047796661
ZBTB7B	ENSG00000160685	200.551261380145	114.297054212271	286.80546854802	2.50929886622772	1.32728431098085	0.000214148937757693	0.00472737325447811
ZC3H7A	ENSG00000122299	677.366951961801	892.418133356566	462.315770567035	0.518048382576194	-0.948841251718525	0.00301568964657572	0.0375504299241278
ZDBF2	ENSG00000204186	1299.5556230769	1708.87590004627	890.235346107535	0.520947920257657	-0.940788943000774	0.00266127237445892	0.0342759889961724
ZFP62	ENSG00000196670	175.0537222848	244.072463045378	106.034981524223	0.43444057638124	-1.2027692389593	0.00320618085691095	0.0395464448765706
ZIK1	ENSG00000171649	65.875044566502	91.9272846120768	39.8228045209271	0.433198964692311	-1.20689829985214	0.0031876466896824	0.0394159673450495
ZNF229	ENSG00000167383	13.2547846716693	23.6769065324968	2.83266281084179	0.119638214010514	-3.06324981607278	0.000475605055606797	0.00911025815093722
ZNF232	ENSG00000167840	81.5757743534083	120.09581670027	43.0557320065464	0.358511505142622	-1.47990867708746	0.00355506046113078	0.0428539040014491
ZNF239	ENSG00000196793	112.214894200745	170.815710084506	53.6140783169828	0.313870886292945	-1.67175687975748	0.00202013603825351	0.0281135598656947
ZNF250	ENSG00000196150	92.9559584393457	150.265905976103	35.6460109025887	0.237219552040352	-2.07570517071524	0.00218803911584793	0.0295835326683826
ZNF287	ENSG00000141040	13.2032040591892	21.9603584716265	4.44604964675194	0.202457972282028	-2.30430564107876	0.00223193785340364	0.0300878532056092
ZNF331	ENSG00000130844	994.726881709487	1447.88817783918	541.565585579797	0.374038267504903	-1.41874221644478	1.07751952411569e-05	0.000390613967973938
ZNF443	ENSG00000180855	22.6586229452739	8.74660462585621	36.5706412646915	4.18112431383756	2.06389093845279	0.000202990695557745	0.0045643732346063
ZNF462	ENSG00000148143	10.8430100951109	2.32587584695027	19.3601443432715	8.32380815539097	3.05724371465812	0.000582468533905446	0.0106765409078454
ZNF503-AS1	ENSG00000226051	7.83832005383122	14.6290868718024	1.04755323586	0.0716075613631882	-3.80374425360918	0.000479860713231506	0.00915554528980728
ZNF550	ENSG00000251369	267.973854971935	360.373663760496	175.574046183374	0.487199992228234	-1.03741398465685	0.00174427871353138	0.0252009729454625
ZNF639	ENSG00000121864	325.063889252476	445.93282528044	204.194953224512	0.457905185822767	-1.12687919111542	0.00118073928832863	0.0185903898754538
ZNF662	ENSG00000182983	8.336794445115	15.4695005847296	1.20408830550043	0.0778362752504775	-3.68341351622093	0.00145027562005591	0.0218393581974579
ZNF671	ENSG00000083814	62.7057535386781	88.7113253681415	36.7001817092147	0.413703453949237	-1.27333109241551	0.0021739587249826	0.029576568694535
ZNF75A	ENSG00000162086	110.655385537008	154.706622404985	66.604148669031	0.430519053636095	-1.21585100598067	0.00115622079279247	0.0183403518071232
ZNF75D	ENSG00000186376	120.132035392257	70.0084556881005	170.255615096413	2.43192930658163	1.2821012918874	0.000828878347287408	0.0142420357741112
ZNF775	ENSG00000196456	55.8471114874295	79.942011058552	31.7522119163071	0.397190557203406	-1.33209677020273	0.00205686111771381	0.0284118278741454
ZNF839	ENSG00000022976	76.4939121366053	109.475011770709	43.5128125025018	0.39746798651767	-1.33108942959007	0.000866839610133768	0.0146921866058203
ZSCAN22	ENSG00000182318	41.7377001279357	24.0610565939044	59.414343661967	2.46931565245638	1.30411126788044	0.0043198167969858	0.0493508355523444
