AC010733.5	ENSG00000232713	83.7151125272471	50.3630452710191	150.419247039703	2.98669880326439	1.57855175490795	0.00128563134163888	0.0213262707932798
AC010761.9	ENSG00000265474	44.9418377506668	22.8691932090061	89.0871268339882	3.89550807585573	1.96181150562053	0.00248986341830238	0.0355493179502673
AC016683.6	ENSG00000189223	134.788601671518	88.1504949256106	228.064815163332	2.58722104006103	1.37140331640267	0.00240629423985857	0.0345843205201515
AC093616.4	ENSG00000234231	10.2776582315388	3.49377974116811	23.8454152122801	6.82510546709726	2.77085133990539	0.00309114550724493	0.0418495728750343
AC099552.4	ENSG00000217825	197.404073347673	33.5387881261531	525.134643790713	15.6575318647611	3.96878490987258	6.49160341649192e-06	0.000247396670716204
AC137932.6	ENSG00000261253	13.6288096173251	4.00427881418656	32.8778712236023	8.21068480724191	3.03750255413588	0.00114770443125162	0.0193621857681023
ACOT2	ENSG00000119673	204.509258921703	138.99709174897	335.53359326717	2.41396124944216	1.27140251715079	0.00370936236580444	0.0480664802466882
ACOT7	ENSG00000097021	60.0798674614879	36.2404634690816	107.758675446301	2.97343535736607	1.57213071179243	0.0011744343984583	0.0196793894749557
ADA	ENSG00000196839	100.645694679618	48.4702989122915	204.996486214271	4.22932168388767	2.08042629649808	0.00201767291844514	0.0301696907312375
ADAM15	ENSG00000143537	401.686146155766	243.900455112677	717.257528241943	2.94077978620657	1.55619875524075	0.0027505871256466	0.0382790041652486
ADAP1	ENSG00000105963	35.3519241473832	18.7542120946367	68.5473482528764	3.65503748741754	1.86988620306801	0.000931164505138904	0.0163979834595729
ADCY3	ENSG00000138031	94.3202742419558	55.2761551963674	172.408512333133	3.11903951569452	1.64110183060094	0.000314716575472189	0.00676936680353567
AGK	ENSG00000006530	310.426409649609	216.770624389824	497.737980169177	2.29615051195351	1.19921721332542	0.00318129085508483	0.0428681105885094
AL359753.1	ENSG00000265589	8.30568993708785	1.20084682119437	22.5153761688748	18.7495821877439	4.22878654210197	0.000877704603517461	0.0157172572555181
ALAD	ENSG00000148218	56.2975849190739	75.723279687097	17.4461953830275	0.230394080329306	-2.11782444576889	0.00231379865870782	0.0336496961490942
ALDH1B1	ENSG00000137124	12.0522411080679	4.5820205521787	26.9926822198461	5.89099981382917	2.55851250740764	0.00163684701759125	0.0259642019449933
ANKH	ENSG00000154122	1422.51498687412	984.009961691947	2299.52503723846	2.33689203032514	1.22459107990044	0.000991432746838643	0.0172826645792674
AP000221.1	ENSG00000229962	12.4389425466911	2.52883652804393	32.2591545839854	12.756520331086	3.67316294548664	6.79245507225471e-05	0.00191205037384321
ARF6	ENSG00000165527	1633.57854410059	1097.20324670094	2706.3291388999	2.46657048002481	1.3025065116298	0.00064856702701718	0.0122486044759293
ARHGEF2	ENSG00000116584	6782.74006004379	4746.42746411897	10855.3652518934	2.28706018030519	1.1934943284455	0.00179209112551828	0.0276879941773162
ARL3	ENSG00000138175	21.7413115773742	7.89082010141616	49.4422945292903	6.26579923174486	2.64749854372645	8.85031089349757e-05	0.0023616188655306
ARMC9	ENSG00000135931	8.73935983608278	1.98287938854808	22.2523207311522	11.2222260515028	3.48828697359016	0.00026584764827978	0.00592397840537087
ARSB	ENSG00000113273	65.1103742449607	26.4520950027796	142.426932729323	5.38433468934526	2.42876809041837	4.17013586487253e-06	0.000165281944958935
ATE1	ENSG00000107669	168.618358473365	100.058925114196	305.737225191703	3.05557175277238	1.61144235965479	0.000238482549404611	0.00543645112239377
ATG4B	ENSG00000168397	729.869676849291	540.149315310717	1109.31039992644	2.0537106471908	1.03823293079477	0.00213629408197705	0.0315471749062051
ATP11A	ENSG00000068650	508.631036382628	374.118117391102	777.65687436568	2.07863997549394	1.05563990223288	0.00380414230353817	0.0489778744467281
ATP6V0A1	ENSG00000033627	83.0256105600134	115.328129227751	18.4205732245386	0.159723159890693	-2.64635457589581	0.00237769744264888	0.034277126178555
ATP9A	ENSG00000054793	30.7584244033558	5.01647568327724	82.2423218435131	16.3944424404714	4.03513493275466	0.0014746794497158	0.0237466529372979
B4GALT1	ENSG00000086062	3264.83190236281	2032.11391104006	5730.2678850083	2.81985564582621	1.49562131000663	0.000868248253494661	0.0156043213926132
BBS7	ENSG00000138686	71.1371577194534	43.9583524932842	125.494768171792	2.85485604108944	1.51341799811256	0.000739515019756513	0.0136229022493726
BCOR	ENSG00000183337	2700.28907457017	1838.01137010505	4424.84448350041	2.40740865669809	1.26748105953137	0.00185867082274532	0.0283672341345224
BEX2	ENSG00000133134	239.206686055163	295.161411942164	127.29723428116	0.431280069584786	-1.21330304743439	0.00363103758072228	0.0472575407725703
BNIP3	ENSG00000176171	483.116169782522	645.936201942152	157.476105463262	0.243795137956001	-2.03625874053182	0.00164458354195365	0.02603135802349
BRD9	ENSG00000028310	2234.24376276373	1567.60255982656	3567.52616863807	2.27578485775935	1.18636417833238	0.00235137660740576	0.0340598244654129
BRI3BP	ENSG00000184992	98.2312893031289	67.9364807739634	158.82090636146	2.33778530403841	1.22514244269184	0.00202036151446246	0.0301795308436739
BTBD6	ENSG00000184887	246.215931264556	177.249997132533	384.147799528602	2.16726547668922	1.11587588552405	0.00343156579598179	0.0451756974540986
C11orf84	ENSG00000168005	91.8291159926492	55.5355749775977	164.416198022752	2.96055632968733	1.56586830378163	0.000896794504895132	0.0159629421871334
C1orf112	ENSG00000000460	620.641579074541	842.559722276871	176.805292669881	0.209843039009859	-2.25261748847804	0.000547647822207993	0.0106960441280912
C4orf26	ENSG00000174792	21.4857981661441	5.68428199543572	53.0888305075608	9.33958423424264	3.22335832760655	0.0007954955559832	0.0144895226085518
C4orf48	ENSG00000243449	21.4410163759696	8.31610935167427	47.6908304245602	5.73475268395294	2.51973127014202	0.000189926967823618	0.00452385340186289
C5AR1	ENSG00000197405	66.8019204559336	91.3811372032407	17.6434869613195	0.193075808654894	-2.37276068109057	3.27522528045863e-05	0.00102268221309783
C9orf16	ENSG00000171159	431.544633738972	284.243762366231	726.146376484455	2.55466072655223	1.35313170579255	0.00049746639093514	0.0099781956389595
CAPN2	ENSG00000162909	1250.08740281549	756.771469112968	2236.71927022053	2.95560728900397	1.56345459159356	2.52037538445134e-05	0.000826939058258284
CARD11	ENSG00000198286	894.119600140479	587.712863111686	1506.93307419807	2.56406345476174	1.35843196583236	0.000883379548306692	0.0157998438345155
CASK	ENSG00000147044	271.04835205866	193.0428548331	427.059346509779	2.21225150694649	1.14551541233478	0.0016483488644849	0.0260355039031233
CASP10	ENSG00000003400	276.325786821247	352.176142159669	124.625076144401	0.353871433141824	-1.49870279237283	0.00268097270828839	0.0375642351865558
CCDC85C	ENSG00000205476	182.877471261158	227.073643433243	94.4851269169888	0.416099048257735	-1.26500110637351	0.00246095540998025	0.0352042158407474
CCNG1	ENSG00000113328	501.4502431656	632.804680918189	238.741367660421	0.377274971028994	-1.40631170205471	0.000576251953743186	0.0110943429902655
CD151	ENSG00000177697	223.814672604791	103.647615636293	464.148786541786	4.47814244150602	2.16290041840624	0.000342363166897563	0.00726934821371211
CD274	ENSG00000120217	3465.59769386125	1698.49904369236	6999.79499419903	4.12116510762478	2.04305226395325	0.00340805486593027	0.0450657646550904
CDH4	ENSG00000179242	18.8380966093083	9.41514662809892	37.6839965717269	4.00248642535862	2.00089650977438	0.00319829133441477	0.0429563231675102
CDKN3	ENSG00000100526	14.6046196102857	7.06108828475527	29.6916822613465	4.2049725288735	2.07209637537045	0.00286803151771042	0.039579900137168
CDYL2	ENSG00000166446	288.78206726371	176.389640409976	513.566920971179	2.91154809192601	1.54178644889815	3.93594770132471e-05	0.00119877030091781
CECR7	ENSG00000237438	44.6090821171646	60.8700645483885	12.0871172547167	0.198572440236334	-2.33226268900697	0.00039239415982579	0.00812277771238261
CERK	ENSG00000100422	2344.94963421357	1747.57376956288	3539.70136351495	2.02549467448252	1.01827429183365	0.00383657209927048	0.0492426348112756
CMC2	ENSG00000103121	537.401677483453	311.169562814044	989.865906822269	3.18111417411932	1.66953215291475	5.99394209652273e-05	0.00171323002655033
CNN2	ENSG00000064666	347.366119954134	468.302589673165	105.493180516074	0.22526713036052	-2.15029127543471	0.00195554750595722	0.0293588914960022
CNN3	ENSG00000117519	33.4242697587241	46.8710308640293	6.53074754811388	0.139334412487305	-2.84337647949335	0.000937017993562629	0.0164620548916328
CNOT6LP1	ENSG00000230183	66.397926987901	31.0763841337161	137.041012696271	4.40981203304118	2.14071716263569	0.00073966777334614	0.0136229022493726
COMMD9	ENSG00000110442	47.9029161000916	64.3163668307971	15.0760146386805	0.234404015362721	-2.09293081141446	0.00317703199371104	0.0428681105885094
CPNE7	ENSG00000178773	125.188411388891	23.1604056524745	329.244422861724	14.2158314410415	3.82942657524566	0.00020462169535311	0.00479699094327015
CPOX	ENSG00000080819	64.6635236506095	40.647121219271	112.696328513287	2.77255375369257	1.47121543132799	0.00260311358701472	0.0367078531724855
CRB3	ENSG00000130545	26.3108929371105	39.222744945288	0.48718892075553	0.0124210817329361	-6.3310653686491	0.00026146697765977	0.00584388524655213
CTB-58E17.1	ENSG00000261005	1674.8541130364	1161.41229515974	2701.73774878971	2.32625206401668	1.21800743034689	0.00052880738209738	0.010451681010789
CTC-458I2.2	ENSG00000251675	14.9740126707622	6.18649304291875	32.549051926449	5.26130906486763	2.39542180073897	0.000290860326896763	0.00639306647189534
CTD-2228K2.5	ENSG00000188242	423.017262655403	304.106443481446	660.838901003316	2.1730512955857	1.11972223020887	0.00293889405264804	0.0401534711706759
CTD-2568A17.1	ENSG00000261341	10.2377294254934	15.3565941382401	0	0	-Inf	0.00267188761569813	0.0375113827341865
CTD-3088G3.8	ENSG00000188897	113.177877592513	153.716423908579	32.1007849603832	0.208831198021331	-2.25959083763259	0.00050495867859831	0.0100876355376434
CTD-3092A11.2	ENSG00000270055	74.8892202596744	98.2650755220574	28.1375097349083	0.286342930948975	-1.8041841073166	0.000928617541610917	0.0163854241505455
CUL4A	ENSG00000139842	2635.32552861276	1783.88292045422	4338.21074492984	2.43189207945621	1.28207920744599	0.0013871897042485	0.0225577686807937
CXorf57	ENSG00000147231	80.9125173415701	108.12945031518	26.4786513943497	0.2448791824722	-2.02985796133122	0.0036836972862772	0.0477755608777819
CYSLTR1	ENSG00000173198	778.181726521212	1059.48237330822	215.580432947189	0.203477130321707	-2.29706144204478	0.0011556078562543	0.0194516416393066
DBH-AS1	ENSG00000225756	58.6396682778125	81.606585469552	12.7058338943336	0.155696183356111	-2.68319451540746	0.00230215752560601	0.0335460463755707
DENND5A	ENSG00000184014	2412.67689072219	1590.36399249293	4057.30268718072	2.55117866496764	1.35116393776314	0.000578810438013203	0.0111280969225732
DGKI	ENSG00000157680	14.7803524231124	3.34799132614999	37.6450746170372	11.2440777020551	3.49109342347833	0.000359636022341722	0.00757120424938388
DHRS3	ENSG00000162496	253.551247673821	342.412701430997	75.8283401594685	0.221453058962386	-2.1749271693761	8.3852395623407e-05	0.00227012414599399
DHX33	ENSG00000005100	1405.43334938265	815.175429119519	2585.94918990891	3.17226096068919	1.66551145679417	8.51366538132833e-05	0.00228409040726864
DLG3	ENSG00000082458	33.1720174709717	18.4403675342679	62.6353173443794	3.3966414838524	1.76410894952	0.00141610799132727	0.0229526860142826
DLG4	ENSG00000132535	55.2308842515467	78.0865039112811	9.51964493207772	0.121911527027687	-3.0360935521987	0.000676432742308461	0.0126782091411484
DNHD1	ENSG00000179532	1151.55085602779	1410.16964292181	634.313282239747	0.449813457142276	-1.15260127178406	0.00254031522411765	0.0359930459257013
DOCK2	ENSG00000134516	835.501436427945	584.177344867844	1338.14961954815	2.2906564783865	1.19576111901455	0.001148990637655	0.0193621857681023
DOCK9-AS2	ENSG00000260992	75.3559279460834	26.0122866322283	174.043210573794	6.69080781072741	2.74218040431579	0.000379610694571937	0.00794669542735591
DPP3	ENSG00000254986	205.185096894797	147.06770713217	321.419876420051	2.18552313548474	1.12797865026837	0.00384346916607563	0.0492885955266454
ECE1	ENSG00000117298	5701.6149232536	2452.75863059204	12199.3275085767	4.97371708590505	2.31432444676472	0.000511044128546791	0.0101818349632586
EDC4	ENSG00000038358	1102.78201115144	1382.61820080015	543.109631854029	0.392812442031879	-1.34808746825561	0.00279928778399613	0.0387971646920424
EED	ENSG00000074266	368.978283652274	208.210855675897	690.513139605027	3.31641276514365	1.72962357775232	0.00013894571577049	0.0034534283837739
EIF4G3	ENSG00000075151	297.814030710264	194.04111035396	505.359871422871	2.6043958958028	1.38094877012346	0.00325808455730254	0.043469399259594
ELOVL6	ENSG00000170522	69.0015477406675	39.471201363786	128.062240494431	3.24444749766155	1.69797282021239	0.000727636174695119	0.0134680653356084
EML5	ENSG00000165521	92.874911762945	117.606959668477	43.4108159518808	0.369117746723934	-1.43784699264624	0.00324683803813932	0.0433972605763172
EN2	ENSG00000164778	18.8148894627205	4.92987176198689	46.5849248641878	9.44952061905412	3.24024114223787	0.000118953253130645	0.00306412859840689
EPPK1	ENSG00000227184	129.89220884084	176.154684598998	37.3672573245225	0.212127525359805	-2.23699625985776	0.000407272619095544	0.00838406224046686
EVA1C	ENSG00000166979	221.033784477884	147.522775072388	368.055803288878	2.49490834963128	1.31898681918537	0.00254348066689072	0.0360035744304732
F8	ENSG00000185010	15.9045333482627	6.5421323582279	34.6293353283324	5.29327953519311	2.40416184391952	0.000543461342289791	0.0106451202241423
FAM102A	ENSG00000167106	528.774674078372	714.410537433557	157.502947368003	0.22046559942105	-2.18137453396376	4.62580787984637e-05	0.00137506765036313
FAM46A	ENSG00000112773	141.306505440194	189.622212592363	44.6750911358554	0.235600516021269	-2.08558539586962	4.01670575383744e-05	0.00122086498198949
FAM50B	ENSG00000145945	142.163659100739	45.5041930198425	335.482591262531	7.37256435063557	2.88216650975058	8.52032114888677e-06	0.000313459240682931
FAM57A	ENSG00000167695	164.278717314512	95.998828932065	300.838494079406	3.13377254104109	1.64790046831689	0.00383091393441444	0.0492125097728625
FBXW11	ENSG00000072803	735.211238824968	498.905916175706	1207.82188412349	2.42094119344561	1.27556803557196	0.000992896673659615	0.0172826645792674
FBXW4	ENSG00000107829	180.844547176456	227.519804588253	87.4940323528603	0.384555676422103	-1.37873560649721	0.00373016599606153	0.0482519209742929
FOXM1	ENSG00000111206	33.5162189633001	14.0847805652052	72.37909575949	5.13881600245119	2.36143599674251	5.42518040959227e-05	0.00158571961687684
FUT11	ENSG00000196968	221.65343454715	132.51392443761	399.932454766228	3.01804098296494	1.59361239682511	0.000453399908186384	0.00921871796904819
GAB3	ENSG00000160219	246.631985243504	86.3704676405343	567.155020449444	6.56653872490178	2.71513311479996	0.000112497939660059	0.00294895392798492
GAL3ST2	ENSG00000154252	13.7449211070394	4.277091837904	32.6805796453103	7.64084122666992	2.93373148207442	0.00309162558142956	0.0418495728750343
GAL3ST4	ENSG00000197093	24.3737818533656	34.579035167311	3.9632752254749	0.114614974255313	-3.12513255277681	0.00389119397338141	0.0496436189067536
GATAD2A	ENSG00000167491	1767.12760663131	1280.68594080123	2740.01093829147	2.1394870131683	1.09726492173095	0.00313214381098641	0.0423209576933554
GGT1	ENSG00000100031	178.393811654199	101.863941392486	331.453552177625	3.25388501217052	1.702163269049	2.88312573559566e-05	0.000923532280348239
GMDS	ENSG00000112699	46.1161195127496	27.3819588006908	83.5844409368672	3.05253694760356	1.61000875755562	0.000741227792118588	0.0136347384582408
GMPS	ENSG00000163655	589.953735652818	429.161333477009	911.538540004436	2.12399969172262	1.08678355674928	0.00282875164103169	0.0391468674493985
GNG4	ENSG00000168243	740.529013253439	229.069468026113	1763.44810370809	7.69831142885907	2.94454203537095	8.54795178526809e-05	0.00228915688980972
GNPNAT1	ENSG00000100522	400.424060338098	284.496107403606	632.279966207083	2.22245559694104	1.15215459533721	0.00189721226850288	0.0287991928389502
GOLGA7B	ENSG00000155265	19.0740530035683	7.99815613741402	41.225846735877	5.15441884699268	2.3658097750569	0.00054056751084815	0.0106416621373988
GPAT2	ENSG00000186281	52.0064367088267	32.0105649089538	91.9981803085725	2.87399427564739	1.52305718827286	0.00304425866917607	0.0413212936985971
GPR132	ENSG00000183484	1118.48760827069	587.867630037419	2179.72756473724	3.70785437633042	1.89058458412756	1.77287958671827e-06	7.88931416089631e-05
GPR153	ENSG00000158292	10.9392137473181	2.53735733181493	27.7429265783243	10.9337877761507	3.45072137322669	0.000119508564214758	0.0030694266617822
GPR35	ENSG00000178623	123.811467811178	74.903865027072	221.62667337939	2.95881491962116	1.56501945560729	0.00360835779096934	0.0470447560062958
GPR55	ENSG00000135898	33.9946892235923	16.1848679061089	69.614331858559	4.30119864199099	2.10473876071703	0.00218375777205432	0.0320090648580309
GPR65	ENSG00000140030	455.844446878942	285.820552287475	795.892236061875	2.7845871463483	1.47746344387829	0.000636786301084837	0.0120567576981197
GSR	ENSG00000104687	558.498768239685	709.337631590598	256.821041537858	0.362057545095936	-1.46570907872081	0.00186004697670918	0.0283672341345224
GSTM3	ENSG00000134202	292.266155958622	361.281117592171	154.236232691525	0.426914735315985	-1.22798013562715	0.00169254361362106	0.0264754819443773
GYPC	ENSG00000136732	450.366137559157	581.141923331126	188.814566015219	0.324902675981328	-1.62192046876662	0.00188998232683689	0.0287227068750273
HACE1	ENSG00000085382	80.5087801175907	48.5619050178431	144.402530317086	2.97357630974378	1.57219909951647	0.000541966748396283	0.0106451202241423
HAX1	ENSG00000143575	1164.79411125468	1527.33675948712	439.708814789787	0.287892510972786	-1.79639783472151	0.00178790062087669	0.0276879941773162
HEATR3	ENSG00000155393	90.6886427416976	60.7441557808937	150.577616663305	2.47888236699583	1.30968981132848	0.00354010807548054	0.046276716205688
HEMK1	ENSG00000114735	141.595446170862	189.147009706285	46.4923191000162	0.245799916013535	-2.02444367212584	0.00187169437326562	0.0285030670797611
HMGB3	ENSG00000029993	34.3386083186328	19.2024550118779	64.6109149321424	3.3647215885769	1.75048713502976	0.000300558799944477	0.00653100211048942
HOMER3	ENSG00000051128	9.33322544543757	3.6373431134289	20.7249901094549	5.69783753227438	2.51041448534661	0.003854357048787	0.0493456173693963
HOMEZ	ENSG00000215271	43.18489996192	59.0431496353301	11.4684006150998	0.194237615810343	-2.36410547658159	0.00164279114796185	0.0260307087762867
HPCAL4	ENSG00000116983	67.9559888914273	88.2866535310117	27.2946596122586	0.309159522086439	-1.69357665372273	0.000662832393817891	0.0124862837380422
HPS6	ENSG00000166189	113.752730603729	65.957963632403	209.342264546382	3.17387397999562	1.66624484649549	0.000236295107182258	0.00539486048855591
IFT46	ENSG00000118096	58.6170220246933	80.1439312573219	15.5632035594361	0.194190668155104	-2.36445422126636	0.000281789492843196	0.00622323511460389
IL12RB1	ENSG00000096996	174.69657312444	64.6179218190221	394.853875735275	6.11059385105509	2.61131259352026	1.84938973553881e-05	0.000623298858034316
IL18R1	ENSG00000115604	493.421658324674	327.914282985352	824.436409003316	2.51418267450138	1.33008947633869	0.00117996706686843	0.0197276158772389
IL1A	ENSG00000115008	112.753619300082	8.74192910985399	320.776999680537	36.6940746887267	5.1974752122516	0.000543608036743859	0.0106451202241423
IL3RA	ENSG00000185291	302.215544306528	371.201783187612	164.243066544358	0.442463032192242	-1.17637117189707	0.00280087181017033	0.0387971646920424
IMPACT	ENSG00000154059	157.835522599139	108.868874005224	255.768819786967	2.34932915513293	1.23224885775637	0.00371277871539286	0.0480688415042545
ISYNA1	ENSG00000105655	115.681167364001	153.330252739388	40.3829966132272	0.26337266059207	-1.92482250052806	0.000804395732064709	0.0146158114494838
ITGAL	ENSG00000005844	396.762980163485	241.082936134556	708.123068221343	2.93725918381099	1.5544705747199	2.84132862937311e-05	0.000918057987355926
JUN	ENSG00000177606	3759.16247025046	2579.32539288891	6118.83662497355	2.37226239149311	1.24626359250183	0.00193186138110567	0.0291801379139975
KCNQ5	ENSG00000185760	22.1952802715095	33.2929204072643	0	0	-Inf	0.0027438543307758	0.0382210936441619
KIAA1737	ENSG00000198894	91.1514356680782	120.874052600218	31.7062018037992	0.262307758544882	-1.93066761458646	0.00348452376151875	0.0457513044765488
KIF14	ENSG00000118193	13.8407085106628	4.97372572352529	31.5746740849379	6.34829418429578	2.66636898519744	0.000167146699195774	0.00405931599697187
KIF1C	ENSG00000129250	184.896474777775	124.547903455217	305.593617422892	2.45362313571801	1.29491367525045	0.00385455572669509	0.0493456173693963
KLF6	ENSG00000067082	22965.1237745828	15109.2847149976	38676.8018937532	2.55980363222373	1.35603314238037	0.00208043391136492	0.0308905986259908
KLHL29	ENSG00000119771	140.558585228637	204.063535834464	13.5486840169833	0.0663944391710137	-3.91279377525607	0.00375807903392348	0.0484863964246568
KPNA2	ENSG00000182481	3113.51142865903	1794.44456793736	5751.64515010237	3.20525094665568	1.680437313263	3.257408779126e-05	0.00101926035124526
LDHA	ENSG00000134333	11456.1358816501	7235.6971493472	19897.0133462559	2.74984053859288	1.45934796014585	0.000118066949640719	0.00305187664784349
LDHAP4	ENSG00000214110	74.3949490171539	50.536779710109	122.111287631244	2.41628549210502	1.27279092391415	0.00178460876106936	0.0276875156740855
LETM1	ENSG00000168924	1970.6056847163	1371.06884663274	3169.67936088342	2.31183092568105	1.20903589109083	0.000694216245345156	0.0129428560776141
LGMN	ENSG00000100600	162.020176794998	225.077419911369	35.9056905622559	0.159525955897285	-2.64813691605244	0.000183270313022291	0.00440056003626868
LINC00341	ENSG00000229645	38.4745747205468	21.3907864822139	72.6421511972126	3.39595513505843	1.76381739915707	0.00325356328332875	0.0434480782390973
LINC00431	ENSG00000225760	11.351094363702	3.33300885733789	27.3872653764301	8.2169794767076	3.03860816339471	0.00067781137231868	0.012688048396439
LLGL1	ENSG00000131899	121.174222066139	74.9770354944197	213.568595209579	2.84845344712881	1.51017882813406	0.000644273592807264	0.0121830005214941
LMTK3	ENSG00000142235	36.0604836857987	50.3052809041703	7.5708892490556	0.150498896198947	-2.73217518899305	0.000239712617806061	0.00544778079273928
LRCH3	ENSG00000186001	903.202229369485	325.685182694289	2058.23632271988	6.31971127974797	2.65985864941654	3.001184331422e-05	0.000949076653572875
LRP6	ENSG00000070018	36.4756075389394	52.2117028452008	5.00341692641663	0.0958294147434905	-3.38338763202856	0.000156325207949176	0.00383409499298449
LRRN2	ENSG00000170382	254.772388744225	320.702316119157	122.912533994361	0.383260512370894	-1.38360273108586	0.00111189848650891	0.0188870253771222
LTBP3	ENSG00000168056	496.881156980638	604.765714515276	281.11204191136	0.464828007217098	-1.10523109702292	0.0035608513771891	0.0465069718973301
LYRM7	ENSG00000186687	142.588924588679	188.688471649988	50.3898304660605	0.26705304264445	-1.9048017733495	0.00392029508225984	0.0498011502629299
MAL	ENSG00000172005	301.763476194729	358.496287599653	188.297853384879	0.525243523846915	-0.92894162603576	0.00270014756129084	0.0377893532989319
MAML3	ENSG00000196782	46.3608590746881	63.2541355242961	12.5743061754722	0.198790262031838	-2.33068100832152	0.000279274646256964	0.00618607908691096
MAN1C1	ENSG00000117643	114.303979929246	160.376112410378	22.1597149669806	0.138173413945072	-2.85544804254308	0.000615923541400633	0.0117365020459457
MAN2B1	ENSG00000104774	497.581502705231	329.4854919519	833.773524211894	2.53053182788884	1.33944062002876	0.000562319367689789	0.0108788420782659
MAP4	ENSG00000047849	480.861171687104	343.556598783676	755.470317493958	2.19896902044268	1.13682727933224	0.00332378777372145	0.0441478620918873
MAP4K5	ENSG00000012983	1247.69153347668	812.405341808687	2118.26391681266	2.60739781953759	1.38261071654759	0.000478324732885967	0.00963325271664516
MAPK3	ENSG00000102882	54.0121183956068	73.0916271424604	15.8531009018996	0.216893528324399	-2.20494108841285	0.00304362835844164	0.0413212936985971
MARCH8	ENSG00000165406	85.0163706363811	108.208789700323	38.6315325084971	0.357009191355753	-1.48596687734821	0.00294947296836867	0.0401815002097741
MAST3	ENSG00000099308	247.888016015204	111.270499840085	521.123048365443	4.68338912033637	2.22755290962734	5.19912919353586e-07	2.68199203117869e-05
MAST4	ENSG00000069020	5650.74007786857	4135.11449443577	8681.99124473418	2.09957699029053	1.07009869194707	0.00203936670374773	0.0304023142605843
MCM3	ENSG00000112118	765.091386053124	421.517544499972	1452.23906915943	3.44526363874641	1.78461438518184	0.000589461427730877	0.0112756308884994
MEGF6	ENSG00000162591	304.518483907553	406.111419005175	101.332613712307	0.249519242676148	-2.00277701582598	0.000209226334051605	0.00486655869015494
MET	ENSG00000105976	68.776793800608	11.1790904422884	183.972200517247	16.4568129640775	4.0406130645406	0.00268153492114215	0.0375642351865558
MFSD10	ENSG00000109736	3468.5237491625	1865.40991728059	6674.75141292634	3.57816871835702	1.83922141517022	1.06860474694622e-05	0.00038550175616169
MGLL	ENSG00000074416	127.351500960724	10.7431906616423	360.568121558888	33.5624799852309	5.06877741764376	5.58233467176432e-05	0.00162686745542026
MICAL1	ENSG00000135596	995.977543027579	626.222434497871	1735.487760087	2.77135992657078	1.47059409102789	0.000206149011980261	0.0048100357379319
MPZL2	ENSG00000149573	89.5862838157873	123.398214029337	21.9624233886886	0.177980075007141	-2.49021235536635	0.00221360690075295	0.0323827159113102
MUC1	ENSG00000185499	35.3687313815519	15.6918797727797	74.7224345990961	4.76185362627586	2.25152327455795	0.000694906758389021	0.0129428560776141
MUC20	ENSG00000176945	65.4389724632401	85.5841525193879	25.1486123509445	0.293846601393259	-1.76686488256188	0.00319939781648616	0.0429563231675102
MYH3	ENSG00000109063	104.518247225958	135.756443362044	42.0418549537858	0.309685889764111	-1.6911224439739	0.00141166660126327	0.022905677614166
NANP	ENSG00000170191	84.2429062098168	54.228858015613	144.271002598224	2.66041011884645	1.41164866332733	0.000936483183363677	0.0164620548916328
NCAPG2	ENSG00000146918	62.8330513943261	35.7224836438165	117.054186895345	3.27676507777217	1.71227224496429	0.0016024842877996	0.025528107148516
NEDD1	ENSG00000139350	307.684722628888	200.663582368199	521.727003150267	2.60000841703776	1.37851629371488	0.00182043656636653	0.0279515998821341
NEU4	ENSG00000204099	57.3049806871308	22.1833661962292	127.548209668934	5.7497229473954	2.52349244091815	0.00134063602776483	0.0220297654617798
NFKBIA	ENSG00000100906	18975.7627888202	11304.5352190212	34318.2179284183	3.03579203067755	1.60207296117926	0.0014577398641428	0.0235248508151514
NINJ1	ENSG00000131669	5408.0614665087	3292.66763511261	9638.84912930087	2.92736777514783	1.54960400780707	7.24762504934778e-05	0.00199873666876891
NIT1	ENSG00000158793	312.040764048502	224.253955846616	487.614380452275	2.17438474434667	1.12060723919228	0.0022192732397038	0.0324336855080802
NKD1	ENSG00000140807	40.3290844580438	55.0030208398935	10.9812116943443	0.199647428935025	-2.32447360186243	0.00191734646443637	0.0289903565624799
NKX3-1	ENSG00000167034	28.6859094729662	40.2506793561479	5.55636970660282	0.138044122372164	-2.85679863256841	0.000384604355369481	0.00798376331544217
NLGN2	ENSG00000169992	176.959853083943	235.676293480162	59.5269722915031	0.252579380863836	-1.98519122432742	7.40825242132678e-05	0.00203905288404037
NONOP2	ENSG00000237522	201.133099530524	117.079872916472	369.239552758629	3.15374063501125	1.65706401714517	0.00189889046505895	0.0287991928389502
NT5C2	ENSG00000076685	270.134910367857	176.53695382376	457.330823456052	2.59056709402958	1.37326794894999	0.000159070173284631	0.00388858550251557
NUDT16L1	ENSG00000168101	115.735897266673	151.154233590565	44.8992246188883	0.297042454930556	-1.75125895126702	0.00204312853670126	0.0304278751913735
NUDT19	ENSG00000213965	144.623272073698	84.5476911637729	264.774433893548	3.13165776911244	1.64692656199636	0.000223979050411609	0.00513734664547491
NUDT9	ENSG00000170502	109.236461743089	148.11365845425	31.4820683207663	0.212553444762089	-2.23410245458394	0.000134057593162156	0.00335534933406475
OAF	ENSG00000184232	68.1108570095521	40.5248069888047	123.282957051047	3.04216025224019	1.6050961520837	0.000413624528703481	0.00850304477194997
OBSCN	ENSG00000154358	1221.19665083733	1657.80813129652	347.973689918937	0.209899857136542	-2.2522269101938	1.28092231766038e-05	0.000451145696857495
ODF3B	ENSG00000177989	120.768973349855	56.2519074902881	249.803105068988	4.44079349864032	2.1508174860958	0.000294781562859084	0.00644314465996259
OLFM2	ENSG00000105088	82.5168731598952	25.6020430850506	196.346533309584	7.6691743958604	2.93907127667114	0.000562862783972716	0.0108788420782659
OSGEP	ENSG00000092094	248.765099132752	316.681377675994	112.932542046268	0.356612513419759	-1.48757076732577	0.00194396021066427	0.0293186870196583
PAN2	ENSG00000135473	437.45656424997	584.741206502286	142.887279745337	0.244359860663897	-2.03292077199351	0.00380935362042776	0.0489778744467281
PCK2	ENSG00000100889	334.54140997406	425.931431894561	151.761366133057	0.356304688428408	-1.48881662761623	0.000679690091294076	0.0126912485262611
PDE4A	ENSG00000065989	114.887011480522	16.5897731050368	311.481488231492	18.7755122544096	4.2307803643747	0.000309886509413408	0.00668482320669301
PDIA6	ENSG00000143870	999.31447635681	662.009319556221	1673.92478995799	2.52855169936294	1.33831127644899	0.000299688361200336	0.00652162241950306
PHF15	ENSG00000043143	577.358347464296	358.239023364952	1015.59699566298	2.83497031150723	1.50333362699623	0.000113745868249477	0.00296597340314381
PHLPP1	ENSG00000081913	218.617233649723	272.901685236372	110.048330476425	0.403252659950074	-1.3102440451168	0.000928481428583351	0.0163854241505455
PICALM	ENSG00000073921	1236.15103710791	773.084530082346	2162.28405115905	2.7969568229864	1.48385798290091	9.79046661233608e-05	0.00259386283884405
PIGV	ENSG00000060642	245.542661809121	133.75131193195	469.125361563462	3.50744493483655	1.81042045441913	4.06824851021604e-05	0.00123400770627226
PIK3R5	ENSG00000141506	521.151121994325	313.357605811478	936.738154360019	2.98935828263757	1.57983581826316	8.49222659229812e-05	0.00228359691996155
PIP5K1C	ENSG00000186111	544.317165792468	245.308468326855	1142.3345607237	4.65672697120926	2.21931629791312	0.000162109997031483	0.00394990309160481
PLAC8	ENSG00000145287	106.032887601386	149.595450329433	18.9077621452941	0.126392628276169	-2.98401577266625	0.00278500736977205	0.0386494533491335
PLCG2	ENSG00000197943	11.3648962862567	4.36097151239644	25.3727458339773	5.8181406968271	2.54055818474355	0.00242506669678349	0.0347577302934359
PLEC	ENSG00000178209	13872.2671929894	7349.96432018592	26916.8729385963	3.66217736114336	1.8727016632941	0.000900050778637646	0.0160017400991523
PLEKHB2	ENSG00000115762	3202.31218142257	2328.90082189306	4949.13490048159	2.12509474596632	1.0875271643038	0.00101539817625164	0.0175895840252076
PLIN3	ENSG00000105355	286.860964532083	127.865898262564	604.85109707112	4.73035504610539	2.24194847194355	0.000634372540100512	0.0120263763565228
PMVK	ENSG00000163344	157.885932974846	102.400321068301	268.857156787936	2.62554993952224	1.39261963684531	0.000626956962820673	0.0119015690771752
PNPLA8	ENSG00000135241	574.808992761105	407.931286904026	908.564404475264	2.22724864123752	1.15526262388992	0.00196757760587427	0.0295011906567841
POLR2J4	ENSG00000214783	49.4909899881278	65.2369109005849	17.9991481632137	0.275904360196374	-1.85775983868918	0.0039481538930661	0.0499841663651119
POMT1	ENSG00000130714	259.860524172898	136.015684135066	507.550204248561	3.73155645597868	1.89977751330955	0.00134286264605884	0.0220297654617798
PPFIBP2	ENSG00000166387	22.6124906857631	32.1806928762849	3.47608630471937	0.108017758290127	-3.21065958165585	0.00351977339047484	0.0460919752446058
PPIF	ENSG00000108179	4579.81367402923	2883.59035095539	7972.26032017692	2.76469933308508	1.46712259284588	6.87640464130413e-05	0.00192112786059593
PQLC1	ENSG00000122490	815.170435042004	582.582017834688	1280.34726945663	2.19771161872686	1.13600208986858	0.00134183179784019	0.0220297654617798
PRG4	ENSG00000116690	68.8908934022903	93.2637423911716	20.1451954245278	0.216002434687146	-2.21088052096494	0.00067958117902107	0.0126912485262611
PRRG4	ENSG00000135378	11.4017118903171	4.93626576895785	24.3326041330356	4.92935455097523	2.30139875267434	0.00336558836455845	0.0445835471144672
PSEN2	ENSG00000143801	12.8428535132347	5.11634059059676	28.2958793585105	5.53049173671414	2.46740776157736	0.000920401754330663	0.0163050432355383
PSMD14	ENSG00000115233	1033.52142815036	736.552485844181	1627.45931276271	2.20956326133017	1.14376123704685	0.00105907663680118	0.0181557739939745
PTGDR2	ENSG00000183134	27.5328059035177	38.0338350812196	6.53074754811388	0.17170888852433	-2.54196337239028	0.00238403044979017	0.0343018824542414
PTPN4	ENSG00000088179	390.959664521885	235.587635319021	701.703722927612	2.97852526079054	1.57459819459019	0.001184563643445	0.0197822128455315
PUS10	ENSG00000162927	126.969479444158	75.4742756478005	229.959887036873	3.04686444570832	1.60732531628479	0.00293642448301615	0.0401534711706759
PYGB	ENSG00000100994	585.137299618108	418.801492467327	917.80891391967	2.19151299703468	1.13192723496655	0.00107831664725986	0.0184430613673455
RAB27A	ENSG00000069974	1538.57668178932	756.500463738588	3102.72911789078	4.10142394699567	2.03612487670989	0.000228476098007879	0.00523241948334531
RAB4A	ENSG00000168118	227.123059131762	160.138813382897	361.09155062949	2.25486590665629	1.17304164121719	0.00337786628427662	0.0447063460224429
RACGAP1	ENSG00000161800	92.392476856187	63.7602539686424	149.656922631276	2.34718203451445	1.23092973368354	0.00167541984822634	0.026345075260318
RALGDS	ENSG00000160271	1885.73393051028	935.571266355723	3786.05925881938	4.04678873215827	2.01677753321205	0.000929348890460194	0.0163854241505455
RAP2B	ENSG00000181467	255.878405535016	175.910068613668	415.815079377712	2.36379351480398	1.2411040168272	0.000826798747804744	0.0149497685992967
RBBP8	ENSG00000101773	2244.04026808542	1156.90556339785	4418.30967746057	3.81907548657986	1.9332234360741	0.00113476669595499	0.0192254069147913
RBM38	ENSG00000132819	1013.38996349815	727.498345816522	1585.17319886141	2.17893718656125	1.12362460767788	0.00292241797657263	0.0400700169610691
RBMS2	ENSG00000076067	32.9871163530839	45.9717062951912	7.01793646886941	0.152657733080565	-2.71162742185493	0.00126575746608359	0.0210435718326626
RC3H1	ENSG00000135870	460.292191728516	315.363206932606	750.150161320337	2.37868636806654	1.25016506366578	0.00117861768845145	0.0197272462876734
RGMB	ENSG00000174136	212.336423683252	257.108092362154	122.793086325448	0.477593237915226	-1.0661456847822	0.00294324659860265	0.0401534711706759
RHOH	ENSG00000168421	1181.71248489868	1501.21254390172	542.712366892602	0.361516008574022	-1.46786856118541	0.000423371746705318	0.00866745767394097
RNF130	ENSG00000113269	115.176141948519	153.316918949669	38.8945879462197	0.253687513502591	-1.97887558317653	2.09750947541168e-05	0.000698997384148964
RNF207	ENSG00000158286	48.1688005675338	10.1439943823666	124.218412937868	12.2455127887095	3.61418128383525	2.79998254516974e-05	0.000908649357398644
RNU1-72P	ENSG00000199846	13.0616408146519	4.37149791206553	30.4419266198246	6.96372896251501	2.79986005249433	0.00181238165157571	0.0278566995732883
RP1-102K2.8	ENSG00000268812	18.6701270293289	4.23896014351443	47.5324608009579	11.2132360748148	3.48713078653177	0.00125349481534225	0.0208630385671129
RP11-108K14.4	ENSG00000214279	63.4165365706844	31.033960774355	128.181688163343	4.13036831151975	2.04627043479513	0.000251536072156483	0.00563888482724255
RP11-119F19.2	ENSG00000226381	17.3672368642829	7.9396403916942	36.2224298094603	4.56222549416133	2.18973775556467	0.00207129759030376	0.0307856960846848
RP11-1407O15.2	ENSG00000174093	134.566961579182	79.4774402022285	244.74600433309	3.07943994812036	1.6226679945766	0.00331639708199673	0.0440890964487633
RP11-303E16.2	ENSG00000261061	27.6944940045727	15.8133339709874	51.4568140717431	3.25401424937653	1.7022205686072	0.00186086612939241	0.0283672341345224
RP11-402P6.9	ENSG00000237265	5.69642288345238	1.10527279498429	14.8787230603886	13.4615844413324	3.75077632141236	0.000999689565686987	0.0173579275873898
RP11-430C7.5	ENSG00000240219	165.760912901373	205.085604728946	87.1115292462252	0.424756917294888	-1.2352906525614	0.00167681095312257	0.026345075260318
RP11-433P17.3	ENSG00000262118	11.2881593703449	16.9322390555173	0	0	-Inf	0.00294296861104144	0.0401534711706759
RP11-443B7.1	ENSG00000238005	11.6323670590667	4.30787068057112	26.2813598160577	6.10077733637387	2.60899307675466	0.00171073661985996	0.0267086957783388
RP11-458F8.4	ENSG00000273142	166.511832214218	123.258339450913	253.018817740828	2.05275212101646	1.03755942609671	0.00356997751355101	0.0465852289586555
RP11-486M23.1	ENSG00000253632	12.3706826346209	3.92089535192054	29.2702572000216	7.46519725033834	2.90018038069811	0.000328339465991775	0.00701165155608586
RP11-547D23.1	ENSG00000258731	8.2678882197671	2.98083318671893	18.8419982858635	6.32105089604269	2.66016443126188	0.00324341458771938	0.0433972605763172
RP11-58E21.3	ENSG00000258929	28.2283873788258	12.6314378295474	59.4222864773827	4.70431690194306	2.23398524926062	0.00208367728496974	0.0309078797270511
RP11-632K20.7	ENSG00000223509	49.5798941017025	65.8574559917025	17.0247703217027	0.258509383111422	-1.95171144791528	0.00276697989826416	0.0384497241482027
RP11-698N11.4	ENSG00000261355	38.5877738042144	52.0816965393411	11.5999283339612	0.222725623486533	-2.16666055225137	0.000747480806029284	0.0137326996733618
RP11-887P2.6	ENSG00000258303	20.8045814572625	6.4662639439037	49.4812164839801	7.65221106240648	2.9358766664817	0.000306036926757949	0.00662099977060173
RRAGD	ENSG00000025039	131.536856339823	177.127207155492	40.3561547084863	0.227837131045936	-2.13392520995506	6.3558077191989e-05	0.00179935943105625
RSU1	ENSG00000148484	274.377286201715	174.697490733504	473.736877138138	2.71175547598912	1.43922709385681	0.000125024312636121	0.00319284597716609
SARS	ENSG00000031698	3515.21256802373	4476.33138301872	1592.97493803376	0.355866177396255	-1.49059327364816	0.000896683469262072	0.0159629421871334
SCML1	ENSG00000047634	119.734770856583	166.718491789593	25.7673289905613	0.154555914667708	-2.69379922944248	1.86002523981915e-06	8.22784379149762e-05
SELK	ENSG00000113811	2568.71056955845	3258.26789400147	1189.5959206724	0.365100709755164	-1.45363362151511	0.00209922082578235	0.031045491675227
SERPINB9	ENSG00000170542	8188.18816011277	2987.55425140084	18589.4559775366	6.22229904907005	2.63744773370909	0.00158123275102322	0.0252436760241226
SGMS2	ENSG00000164023	47.1271309879479	4.07130203230103	133.238788899242	32.7263336991821	5.03238008253499	0.000815730319191588	0.0147856094318836
SH2D2A	ENSG00000027869	4064.37030361518	2248.60039639812	7695.91011804931	3.42253347032086	1.7750646502428	5.75736430290245e-05	0.00166022137420618
SHC4	ENSG00000185634	7.1535991718285	2.34954131575274	16.76171488398	7.13403708698348	2.83471871581427	0.00114038925959147	0.0192609154151227
SLC12A7	ENSG00000113504	1025.73602454702	432.167785731702	2212.87250217767	5.1204013238309	2.3562568893679	0.000507970732858935	0.0101341865805132
SLC40A1	ENSG00000138449	45.4487598795015	59.3513963385925	17.6434869613195	0.297271640597393	-1.75014625667045	0.00117045254160948	0.0196477895223225
SLC6A6	ENSG00000131389	639.562807687557	446.371847099875	1025.94472886292	2.29840823414064	1.20063506650578	0.00224857914202512	0.0328296972376418
SLC6A9	ENSG00000196517	140.130154113758	199.358968147525	21.6725260462251	0.108711066512882	-3.20142928432345	0.000437046926581859	0.00891060146747073
SMC5	ENSG00000198887	2220.05284114342	1317.41321123267	4025.33210096493	3.05548180832234	1.61139989155637	3.05810401290162e-05	0.000962978812367727
SORBS3	ENSG00000120896	174.035031486645	226.680227314383	68.7446398311684	0.303267032354906	-1.72133942133411	0.00144360670067113	0.0233474715909413
SPIDR	ENSG00000164808	111.604361824935	70.3720635726977	194.068958329409	2.75775568424147	1.46349465092514	0.000263773414417665	0.00588658297070534
SPINT2	ENSG00000167642	52.5769591455815	70.2872896980902	17.156298040564	0.244088200217374	-2.03452554126501	0.00218058718109392	0.0320037987816369
SPON1	ENSG00000152268	62.7503843018878	82.0713411278303	24.1084706500027	0.293750172943471	-1.76733839383231	0.00102193975326785	0.0176207547016474
SQRDL	ENSG00000137767	54.8357351177773	18.827778116697	126.851649119938	6.73747312793337	2.75220761376131	0.000307083328961564	0.00663398185807518
SRCRB4D	ENSG00000146700	14.018814152865	6.7024509490952	28.6515405604047	4.27478556396933	2.09585205191497	0.0023653035646812	0.0341315600794725
SRD5A3	ENSG00000128039	120.862173673112	70.0645387836218	222.457443452091	3.17503614972903	1.66677301794399	3.57551427076313e-05	0.00110484134316741
SRGAP2	ENSG00000163486	110.773958976416	76.973824939069	178.374227051112	2.31733614890918	1.21246733431443	0.00163362283490463	0.0259407437982772
SRRM5	ENSG00000226763	21.3498239641733	30.530287254278	2.98889738396384	0.0978994189956411	-3.35255589189258	0.00294297383758127	0.0401534711706759
SSH1	ENSG00000084112	226.77295829977	118.649529934335	443.019815030642	3.73385225610102	1.90066484304152	0.00179122590474475	0.0276879941773162
ST7	ENSG00000004866	107.535702533212	68.6014320148538	185.40424356993	2.70262934933757	1.43436366779605	0.00131316728712117	0.0217103508214482
SYNE3	ENSG00000176438	63.2499630776827	38.2174220400723	113.315045152903	2.96501017347765	1.56803705492324	0.00161797213707721	0.0257472375517972
SYTL1	ENSG00000142765	238.123448781409	169.32418311864	375.721980106948	2.21895049594713	1.14987748184396	0.00104496749693439	0.0179553201236252
TAPSAR1	ENSG00000204261	116.065915066612	73.5822671055192	201.033210988797	2.73208775560705	1.45000382423774	0.0013534414919995	0.0221300339885464
TCEA3	ENSG00000204219	24.6441252763388	36.4789989937526	0.97437784151106	0.0267106518377308	-5.22644100632933	0.00388836082603302	0.0496436189067536
TDP1	ENSG00000042088	623.365776944769	452.91146985968	964.274391114946	2.12905712326891	1.09021465826893	0.00164651087177884	0.0260341394545201
TFDP1	ENSG00000198176	325.436688832011	245.130969310072	486.048127875887	1.98280996172733	0.987546412104512	0.00373620980492902	0.0482603062322541
TFRC	ENSG00000072274	16160.0012123728	9662.50642408433	29154.9907889497	3.01733209887233	1.59327349364355	0.00184843415091788	0.0283029224433013
THAP4	ENSG00000176946	556.741899642905	337.714427739861	994.796843448993	2.94567469357655	1.55859811473304	3.73899421339753e-05	0.0011509152325888
TICAM1	ENSG00000127666	2200.35497869211	1557.26042436661	3486.54408734312	2.23889596935028	1.16278749469821	0.00182746809852171	0.0280306071706174
TIMM8AP1	ENSG00000231445	7.41485297112337	2.74142201469505	16.76171488398	6.11424100125079	2.61217341916255	0.00194892436085732	0.0293186870196583
TIPARP	ENSG00000163659	976.657021253064	555.746709637524	1818.47764448414	3.27213389292078	1.71023178333487	4.79106073971838e-05	0.00141569653627106
TKTL1	ENSG00000007350	10.7595130183432	1.71485345816651	28.8488321386967	16.8229139354808	4.07235571463983	0.00390869486190063	0.0497814325042237
TLE2	ENSG00000065717	45.4181142945934	61.5964238937762	13.0614950962278	0.21204956831183	-2.23752654897266	0.00047721990923788	0.00963325271664516
TMEM164	ENSG00000157600	101.187152526098	62.1138072702318	179.333843037831	2.88718162545764	1.52966186680667	0.00209750336993756	0.031045491675227
TMEM184B	ENSG00000198792	190.298683658354	120.741930122315	329.412190730432	2.72823360034686	1.44796717795205	0.000421756487754568	0.00864629886551192
TMEM201	ENSG00000188807	780.818640351574	512.826345030244	1316.80323099423	2.56773709805524	1.36049749734018	0.000384129858211847	0.00798376331544217
TMEM217	ENSG00000172738	128.691292520914	40.7662409453693	304.541395672002	7.47043113639338	2.90119150678798	0.000301488101168912	0.00654163160244313
TMEM30B	ENSG00000182107	120.450855013131	156.370520291401	48.6115244565894	0.310873970144759	-1.68559827176005	4.13343088091072e-05	0.00124868258501984
TNFAIP8	ENSG00000145779	10318.6621615209	6349.64226341245	18256.7019577378	2.87523315493465	1.5236789500846	0.000522530121923746	0.010368978908081
TNIK	ENSG00000154310	1147.55304883596	824.595270620638	1793.46860526659	2.17496833800262	1.12099439915029	0.0011202541029773	0.0190072337129585
TNIP1	ENSG00000145901	2298.94239539226	1157.01173339204	4582.8037193927	3.9608964949363	1.98582700162295	0.000822771667521532	0.0148950734401614
TNIP2	ENSG00000168884	3027.90347054102	1830.89039123706	5421.92962914895	2.96136221758506	1.56626096385335	0.000243829516916266	0.00551603974113617
TNNT3	ENSG00000130595	50.7561174192217	68.4183382085451	15.4316758405747	0.225548825718883	-2.14848831995381	0.003244803876612	0.0433972605763172
TNXB	ENSG00000168477	143.026200151514	199.285454987644	30.5076904792553	0.153085384385663	-2.70759154477901	8.21802467576478e-06	0.000303088091205687
TRAF1	ENSG00000056558	39323.5005054773	27446.5699484218	63077.3616195884	2.29818741424246	1.20049645271564	0.00391684783897945	0.0497999225241673
TRAV39	ENSG00000211818	40.8434974516875	54.7344986294174	13.0614950962278	0.238633684847673	-2.06713039077868	0.00187644836389328	0.0285462149770172
TRIM44	ENSG00000166326	855.625909455472	1045.72421727136	475.4292938237	0.454641181653279	-1.13719972468658	0.00391574315613977	0.0497999225241673
TRPC1	ENSG00000144935	21.9974235096589	32.5089463437328	0.97437784151106	0.0299726060392266	-5.06021166193208	0.000281177476259039	0.00621895956791384
TSPAN13	ENSG00000106537	18.2070199886062	8.12629144752204	38.3684770707744	4.72152362717365	2.23925248981238	0.00353512189770421	0.0462522154626564
TXN	ENSG00000136810	1149.71600766101	687.8903244922	2073.36737399862	3.014095852459	1.59172529738311	5.43047355843579e-05	0.00158571961687684
USP6NL	ENSG00000148429	41.8842396179961	61.3319107350122	2.98889738396384	0.0487331529075873	-4.35895262562756	3.22003342251373e-06	0.00013040696664529
VAV3	ENSG00000134215	27.5503874335765	39.1003490772495	4.45046414623043	0.113821596258329	-3.13515377749951	0.00148318870552609	0.0238320364651182
WHAMMP3	ENSG00000187667	26.6644169474029	37.494916957896	5.00341692641663	0.133442539212318	-2.90570944839799	0.00147444530408163	0.0237466529372979
WHSC1	ENSG00000109685	981.095516576899	646.249267193022	1650.78801534465	2.55441375201063	1.35299222497341	0.0002115934393182	0.00491392701341627
Y_RNA	ENSG00000201134	6.82486435973581	1.54708077780528	17.3804315235969	11.2343400376631	3.48984347064182	0.00179757803569239	0.0277151476602656
YWHAQ	ENSG00000134308	3412.98464180426	2263.82977127645	5711.29438285988	2.52284622073841	1.33505226999255	0.00283150299279832	0.0391484920762432
ZC3H6	ENSG00000188177	78.6146692020199	103.675418334629	28.4931709368025	0.27483053740701	-1.86338577880288	0.00158308946510466	0.0252462003431872
ZFP28	ENSG00000196867	51.6753532047767	68.4476918661276	18.130675882075	0.26488367084073	-1.91656918558232	0.00058292538783716	0.0111649742776079
ZFYVE21	ENSG00000100711	35.0702016072908	22.0707700269401	61.0690647679924	2.76696575123796	1.46830478676502	0.00393249419465742	0.0498471456568053
ZFYVE9	ENSG00000157077	43.9629541161015	58.8607308458522	14.1674006566001	0.240693590667478	-2.05473036950768	0.00072308951720999	0.0134005978731822
ZMAT1	ENSG00000166432	203.691275215297	249.275314305499	112.523197034892	0.451401284352568	-1.14751757151392	0.00294471395923008	0.0401534711706759
ZNF300	ENSG00000145908	58.9344663324014	75.5180350033215	25.7673289905613	0.341207620000017	-1.55127822896539	0.00302309537148119	0.041109118487031
ZNF320	ENSG00000182986	167.627138686584	221.157151033654	60.5671139924448	0.27386459677819	-1.86846531790492	1.63111003037577e-05	0.000558598810633067
ZNF329	ENSG00000181894	138.158863606274	178.82430928441	56.8279722500028	0.317786616805107	-1.65386972625965	0.000213117575870644	0.00492623099559158
ZNF347	ENSG00000197937	48.8368422839616	66.9681103382063	12.5743061754722	0.187765581438221	-2.4129954623493	0.000316745492868644	0.00680316222616568
ZNF44	ENSG00000197857	100.324094767153	126.897742351197	47.1767995990637	0.371770204299609	-1.42751694547913	0.00341318790243262	0.0450935215945387
ZNF502	ENSG00000196653	76.7581225315188	97.427932976528	35.4185016415004	0.36353539030776	-1.45983227699782	0.00236496708510573	0.0341315600794725
ZNF548	ENSG00000188785	506.16438442258	638.143889676275	242.205373915192	0.379546647446645	-1.39765088670589	0.00195239799571012	0.02934124510641
ZNF559	ENSG00000188321	106.067044849202	139.36337595823	39.4743826311468	0.283247893212475	-1.81986286951489	0.000923066723365542	0.0163327865587882
ZNF607	ENSG00000198182	21.9198124790231	30.3451283256111	5.06918078584729	0.167050893028155	-2.58164039977002	0.0017584242002237	0.0273956592116612
ZNF667-AS1	ENSG00000166770	33.9887834879388	49.9759154606818	2.01451954245278	0.0403098077120307	-4.63272528858924	8.49234772302335e-05	0.00228359691996155
ZNF677	ENSG00000197928	50.6626873529821	69.9175904723994	12.1528811141474	0.173817218700419	-2.52435708924111	3.55435003675863e-05	0.00110058967909049
ZNF70	ENSG00000187792	41.8786697571194	59.0983238705819	7.43936153019428	0.125881091763035	-2.98986649863214	0.000395045491938937	0.00815494603706725
ZNF724P	ENSG00000196081	10.4423160811461	15.6634741217191	0	0	-Inf	0.00101303543383715	0.0175691314505503
ZNF793	ENSG00000188227	74.2265834557953	99.4634704596387	23.7528094481085	0.238809377335644	-2.06606860681893	6.34692395626547e-05	0.00179935943105625
ZNF831	ENSG00000124203	156.44609229785	95.8363987886631	277.665479316225	2.89728623806627	1.53470222304087	0.000381823140616726	0.00797055806037415
ZP1	ENSG00000149506	29.1484462538202	41.220960917522	5.00341692641663	0.121380404897107	-3.04239255665059	0.00133300854106018	0.0219407596298754
